HyperCLaw-V1.1
10
Ex
Ey
Ez
Bx
By
Bz
jx
jy
jz
rho
1
2.2150740696752287e-15
0
-5.546875000000001e-05 
1.2531250000000003e-05 

((0) (511) (0)) 
5 
1.3281250000000003e-07 
0
0
0 8 2.2150740696752287e-15
5
-5.546875000000001e-05 -4.6968750000000007e-05
-4.6968750000000007e-05 -3.846875000000001e-05
-3.846875000000001e-05 -2.9968750000000007e-05
-2.9968750000000007e-05 -2.1468750000000003e-05
-2.1468750000000003e-05 -1.296875e-05
-1.296875e-05 -4.4687500000000036e-06
-4.4687500000000036e-06 4.0312499999999997e-06
4.0312499999999997e-06 1.2531250000000003e-05
Level_0/Cell
