1
1
10
0
(16 0
((0) (63) (0))
((64) (127) (0))
((128) (191) (0))
((192) (255) (0))
((256) (319) (0))
((320) (383) (0))
((384) (447) (0))
((448) (511) (0))
((512) (575) (0))
((576) (639) (0))
((640) (703) (0))
((704) (767) (0))
((768) (831) (0))
((832) (895) (0))
((896) (959) (0))
((960) (1023) (0))
)
16
FabOnDisk: Cell_D_00000 0
FabOnDisk: Cell_D_00000 5196
FabOnDisk: Cell_D_00000 10394
FabOnDisk: Cell_D_00000 15593
FabOnDisk: Cell_D_00000 20792
FabOnDisk: Cell_D_00000 25991
FabOnDisk: Cell_D_00000 31190
FabOnDisk: Cell_D_00000 36389
FabOnDisk: Cell_D_00000 41588
FabOnDisk: Cell_D_00000 46787
FabOnDisk: Cell_D_00000 51986
FabOnDisk: Cell_D_00000 57185
FabOnDisk: Cell_D_00000 62384
FabOnDisk: Cell_D_00000 67583
FabOnDisk: Cell_D_00000 72782
FabOnDisk: Cell_D_00000 77981

16,10
0.0000000000000000e+00,-2.2606268626948242e+09,-1.4474608541335411e+09,-7.5319707419675979e+00,0.0000000000000000e+00,0.0000000000000000e+00,0.0000000000000000e+00,-3.0595353579404922e+12,-3.5057469243797871e+12,-4.9883517308810297e+04,
0.0000000000000000e+00,-2.2432956449536133e+09,-1.3791834008003728e+09,-7.4567744834021141e+00,0.0000000000000000e+00,0.0000000000000000e+00,0.0000000000000000e+00,-1.9592535555746426e+12,-4.0148349584904243e+12,-5.6575212947447530e+04,
0.0000000000000000e+00,-1.7220658947407227e+09,-1.3690780472106509e+09,-5.7817628553366376e+00,0.0000000000000000e+00,0.0000000000000000e+00,0.0000000000000000e+00,-2.5422166437190117e+12,-4.9894097097496807e+12,-7.9324510495435534e+04,
0.0000000000000000e+00,-2.0564050505473633e+09,-5.5913517612469959e+08,-6.6628276998435467e+00,0.0000000000000000e+00,0.0000000000000000e+00,0.0000000000000000e+00,-9.8957621577088159e+11,-5.1092295773138516e+12,-7.2171117037725868e+04,
0.0000000000000000e+00,-2.5095731724482422e+09,-7.6012640265938067e+08,-5.4635912531157373e+00,0.0000000000000000e+00,0.0000000000000000e+00,0.0000000000000000e+00,-1.7860709549764070e+12,-3.5840171981636323e+12,-6.7636356455712405e+04,
0.0000000000000000e+00,-3.2838002860688477e+09,-4.6056494461876142e+08,-6.8005931146981311e+00,0.0000000000000000e+00,0.0000000000000000e+00,0.0000000000000000e+00,-2.2698822372081392e+12,-4.9144561113056074e+12,-6.4106410203900989e+04,
0.0000000000000000e+00,-2.9843079447148438e+09,3.1964765875439864e+08,-5.0932464554225589e+00,0.0000000000000000e+00,0.0000000000000000e+00,0.0000000000000000e+00,-1.4577687393027065e+12,-7.2551070507766367e+12,-6.5414030567952315e+04,
0.0000000000000000e+00,-3.2662994600493164e+09,5.0021720678538418e+08,-4.6705799947540072e+00,0.0000000000000000e+00,0.0000000000000000e+00,0.0000000000000000e+00,-1.1012901892012917e+12,-5.1506390191368330e+12,-5.1809951417023265e+04,
0.0000000000000000e+00,-3.7411953429365234e+09,7.3430015895206738e+08,-2.2694848078372161e+00,0.0000000000000000e+00,0.0000000000000000e+00,0.0000000000000000e+00,-1.7620308645585342e+12,-5.0641294843180439e+12,-6.7003037835342679e+04,
0.0000000000000000e+00,-4.3936469332534180e+09,1.1378857058894920e+09,6.0523028393436107e-01,0.0000000000000000e+00,0.0000000000000000e+00,0.0000000000000000e+00,-2.1498181147664238e+12,-4.3452637256583389e+12,-7.8480185470921992e+04,
0.0000000000000000e+00,-1.6433103083620898e+11,1.0990030969688849e+09,-6.3153922469174540e+02,0.0000000000000000e+00,0.0000000000000000e+00,0.0000000000000000e+00,-3.4161506664499551e+12,-5.8136610249633936e+12,-1.0131871272755227e+05,
0.0000000000000000e+00,-3.2401159124079946e+12,1.4787081026374135e+09,-1.3340998480247343e+04,0.0000000000000000e+00,0.0000000000000000e+00,0.0000000000000000e+00,-8.9339126378461016e+12,-6.1323681826184053e+12,-9.4493341619455634e+04,
0.0000000000000000e+00,-1.3259775918773348e+13,1.2149806165595956e+09,-4.6585989629014810e+04,0.0000000000000000e+00,0.0000000000000000e+00,0.0000000000000000e+00,-2.3983038616268352e+13,-1.6137403460227039e+13,-1.2533667625014493e+05,
0.0000000000000000e+00,-1.4908536355101340e+13,2.0713007233377805e+08,-4.9552602954273272e+04,0.0000000000000000e+00,0.0000000000000000e+00,0.0000000000000000e+00,-2.8338065214154520e+13,-2.2824171265768070e+13,-1.8993804570069376e+05,
0.0000000000000000e+00,-6.7532629245236758e+12,4.3934003738770857e+06,-2.6174099906828211e+04,0.0000000000000000e+00,0.0000000000000000e+00,0.0000000000000000e+00,-1.4787549392535340e+13,-5.7916740263845957e+12,-7.0403019760848809e+04,
0.0000000000000000e+00,-6.3124878595015674e+11,-1.5473723915377751e+06,-1.5675835579871784e+03,0.0000000000000000e+00,0.0000000000000000e+00,0.0000000000000000e+00,-2.0434263655182366e+12,-4.5209398016909637e+10,-3.2838829451276964e+04,

16,10
0.0000000000000000e+00,5.1274460499072266e+08,-4.4126622594608384e+08,3.1311657248243137e+00,0.0000000000000000e+00,0.0000000000000000e+00,0.0000000000000000e+00,1.6054746924894463e+12,4.1387562206171206e+12,0.0000000000000000e+00,
0.0000000000000000e+00,8.5082951699365234e+08,-4.5087503289605153e+08,4.4457318157474219e+00,0.0000000000000000e+00,0.0000000000000000e+00,0.0000000000000000e+00,2.6381788301197573e+12,5.9049179240477793e+12,0.0000000000000000e+00,
0.0000000000000000e+00,6.4965368117041016e+08,-5.9477732910596877e+06,4.0635863222905755e+00,0.0000000000000000e+00,0.0000000000000000e+00,0.0000000000000000e+00,2.8211077379863198e+12,5.4406788174835576e+12,0.0000000000000000e+00,
0.0000000000000000e+00,-1.6474615610742188e+08,2.5777450535465965e+08,3.5213954761911737e+00,0.0000000000000000e+00,0.0000000000000000e+00,0.0000000000000000e+00,2.9224851039190562e+12,6.6685446672794902e+12,-1.3438313654126270e+02,
0.0000000000000000e+00,3.7889054144238281e+08,5.9724658839302194e+08,6.6869400166160631e+00,0.0000000000000000e+00,0.0000000000000000e+00,0.0000000000000000e+00,2.2221109001846689e+12,5.6852371002627754e+12,0.0000000000000000e+00,
0.0000000000000000e+00,-6.0408650092773438e+07,7.7134554038644588e+08,5.1242724731419003e+00,0.0000000000000000e+00,0.0000000000000000e+00,0.0000000000000000e+00,2.1502050604478533e+12,3.2509928468065869e+12,-6.9889336644547453e-02,
0.0000000000000000e+00,-4.7005169340185547e+08,1.2817206437912862e+09,5.0099281298334972e+00,0.0000000000000000e+00,0.0000000000000000e+00,0.0000000000000000e+00,2.1352647887700049e+12,6.3158069061955381e+12,-1.2285458675104705e+03,
0.0000000000000000e+00,-1.1511016865087891e+09,1.8946419183519835e+09,4.8754165126374573e+00,0.0000000000000000e+00,0.0000000000000000e+00,0.0000000000000000e+00,2.4310894622591475e+12,4.5370600460513984e+12,0.0000000000000000e+00,
0.0000000000000000e+00,-5.3713809263623047e+08,1.7214292923193035e+09,1.0659738611830107e+01,0.0000000000000000e+00,0.0000000000000000e+00,0.0000000000000000e+00,3.4910105112545859e+12,4.2067925861295425e+12,-9.2152355889913466e+01,
0.0000000000000000e+00,-3.6230362359472656e+08,2.0875231492439725e+09,1.5122266866304926e+01,0.0000000000000000e+00,0.0000000000000000e+00,0.0000000000000000e+00,2.5786646512559736e+12,6.5319308114530586e+12,-1.4575547540712151e+02,
0.0000000000000000e+00,1.8845120156837549e+11,2.1591184556849294e+09,5.4652671928126438e+02,0.0000000000000000e+00,0.0000000000000000e+00,0.0000000000000000e+00,2.3354841868093555e+12,8.2145933491015977e+12,-3.9467179541572740e+01,
0.0000000000000000e+00,3.9992077105513262e+12,2.5376548052499261e+09,1.0812471623914586e+04,0.0000000000000000e+00,0.0000000000000000e+00,0.0000000000000000e+00,7.7313849189979609e+12,4.3751531073019263e+12,0.0000000000000000e+00,
0.0000000000000000e+00,1.3969170035089076e+13,2.7360488763496876e+09,4.4237781623570576e+04,0.0000000000000000e+00,0.0000000000000000e+00,0.0000000000000000e+00,2.5547983747100984e+13,1.7404576051818648e+13,0.0000000000000000e+00,
0.0000000000000000e+00,1.4857685207900670e+13,1.6032731995825374e+09,4.9734019961464641e+04,0.0000000000000000e+00,0.0000000000000000e+00,0.0000000000000000e+00,3.6612255751041172e+13,2.1674442962951371e+13,-1.8241369304313484e+04,
0.0000000000000000e+00,7.8476878836933652e+12,3.4339393523168534e+08,2.2526774593814902e+04,0.0000000000000000e+00,0.0000000000000000e+00,0.0000000000000000e+00,1.2523105382052570e+13,4.5414318900686562e+12,-3.2132815563653741e+04,
0.0000000000000000e+00,4.7005026848820636e+11,1.8776375098910830e+06,2.1058882780262829e+03,0.0000000000000000e+00,0.0000000000000000e+00,0.0000000000000000e+00,6.0380351057168042e+11,5.3673757590905594e+10,-8.3446699687522178e+03,

