1
1
10
0
(16 0
((0) (63) (0))
((64) (127) (0))
((128) (191) (0))
((192) (255) (0))
((256) (319) (0))
((320) (383) (0))
((384) (447) (0))
((448) (511) (0))
((512) (575) (0))
((576) (639) (0))
((640) (703) (0))
((704) (767) (0))
((768) (831) (0))
((832) (895) (0))
((896) (959) (0))
((960) (1023) (0))
)
16
FabOnDisk: Cell_D_00000 0
FabOnDisk: Cell_D_00000 5196
FabOnDisk: Cell_D_00000 10394
FabOnDisk: Cell_D_00000 15593
FabOnDisk: Cell_D_00000 20792
FabOnDisk: Cell_D_00000 25991
FabOnDisk: Cell_D_00000 31190
FabOnDisk: Cell_D_00000 36389
FabOnDisk: Cell_D_00000 41588
FabOnDisk: Cell_D_00000 46787
FabOnDisk: Cell_D_00000 51986
FabOnDisk: Cell_D_00000 57185
FabOnDisk: Cell_D_00000 62384
FabOnDisk: Cell_D_00000 67583
FabOnDisk: Cell_D_00000 72782
FabOnDisk: Cell_D_00000 77981

16,10
0.0000000000000000e+00,-1.4564740034843750e+09,0.0000000000000000e+00,-4.8582743315673724e+00,0.0000000000000000e+00,0.0000000000000000e+00,0.0000000000000000e+00,0.0000000000000000e+00,0.0000000000000000e+00,0.0000000000000000e+00,
0.0000000000000000e+00,1.3216983295556641e+09,0.0000000000000000e+00,4.4087110741638753e+00,0.0000000000000000e+00,0.0000000000000000e+00,0.0000000000000000e+00,0.0000000000000000e+00,0.0000000000000000e+00,0.0000000000000000e+00,
0.0000000000000000e+00,5.1228864152412109e+09,-5.2388608695526838e+08,1.7088109718952182e+01,0.0000000000000000e+00,0.0000000000000000e+00,0.0000000000000000e+00,-2.6061500959156709e+12,-4.5732038392296094e+12,-3.0474033606566620e+04,
0.0000000000000000e+00,6.4486005042509766e+09,-7.7029356649034834e+08,2.1138977417609567e+01,0.0000000000000000e+00,0.0000000000000000e+00,0.0000000000000000e+00,0.0000000000000000e+00,-3.5657525698046533e+12,-2.4832550842024073e+04,
0.0000000000000000e+00,8.2828974003779297e+09,-9.4185828420462823e+08,2.8424558549198991e+01,0.0000000000000000e+00,0.0000000000000000e+00,0.0000000000000000e+00,-2.5733951038860679e+12,-4.9219337875359414e+12,-3.0075704820386287e+04,
0.0000000000000000e+00,8.9144045377265625e+09,-1.4948827066730919e+09,2.8568973495606770e+01,0.0000000000000000e+00,0.0000000000000000e+00,0.0000000000000000e+00,-4.0064572325623599e+12,-4.0880670798440742e+12,-3.0614824069036182e+04,
0.0000000000000000e+00,1.1160545138201172e+10,-2.0809792282915363e+09,3.0747453257510642e+01,0.0000000000000000e+00,0.0000000000000000e+00,0.0000000000000000e+00,-5.9345467708988203e+12,-7.9155187317252236e+12,-4.6729363376948604e+04,
0.0000000000000000e+00,1.1486666107828125e+10,-6.3152512857049000e+08,2.4543438221819088e+01,0.0000000000000000e+00,0.0000000000000000e+00,0.0000000000000000e+00,-4.0886906989629941e+12,-6.3780816950049893e+12,-6.3963559410899732e+04,
0.0000000000000000e+00,1.1003023734552734e+10,1.7769627505750427e+08,9.6262013399064017e+00,0.0000000000000000e+00,0.0000000000000000e+00,0.0000000000000000e+00,-5.5251352447287119e+12,-7.0453006963357861e+12,-5.7562116948951400e+04,
0.0000000000000000e+00,1.0947109426056641e+10,1.4476987728356838e+09,-2.2655859020596836e-01,0.0000000000000000e+00,0.0000000000000000e+00,0.0000000000000000e+00,-7.5625674702439561e+12,-6.3255546436242793e+12,-7.1477471398420166e+04,
0.0000000000000000e+00,9.7611971335615234e+09,1.6648202098538492e+09,-2.4615738516306010e+01,0.0000000000000000e+00,0.0000000000000000e+00,0.0000000000000000e+00,-5.9436705167732881e+12,-4.7062871901409238e+12,-5.8106793051611894e+04,
0.0000000000000000e+00,1.0962369973025391e+10,1.7636972583110323e+09,-5.9780234021949582e+01,0.0000000000000000e+00,0.0000000000000000e+00,0.0000000000000000e+00,-7.4521074944720576e+12,-5.9625949364892188e+12,-6.7727184835614520e+04,
0.0000000000000000e+00,1.9232566109640625e+10,1.6240302697212911e+09,-1.6991604258390362e+02,0.0000000000000000e+00,0.0000000000000000e+00,0.0000000000000000e+00,-1.1617600531423812e+13,-8.3540653232852861e+12,-1.0337275170155235e+05,
0.0000000000000000e+00,-6.1585361189581357e+12,-9.8165374050062299e+07,-1.7051132737500324e+04,0.0000000000000000e+00,0.0000000000000000e+00,0.0000000000000000e+00,-2.1696747260169812e+13,-1.4736585804465705e+13,-1.3355487915284350e+05,
0.0000000000000000e+00,-1.3753067558353936e+13,-1.3679742231226122e+08,-4.3958576060309868e+04,0.0000000000000000e+00,0.0000000000000000e+00,0.0000000000000000e+00,-2.1392642986642371e+13,-1.0864863913078906e+13,-9.7300578646313137e+04,
0.0000000000000000e+00,-4.0353835662274839e+12,-2.4661008702561587e+07,-1.6976425792523383e+04,0.0000000000000000e+00,0.0000000000000000e+00,0.0000000000000000e+00,-6.9792658123994902e+12,-3.7765320221727593e+12,-4.6223736440297886e+04,

16,10
0.0000000000000000e+00,1.8024047240576172e+09,0.0000000000000000e+00,6.0121750095422613e+00,0.0000000000000000e+00,0.0000000000000000e+00,0.0000000000000000e+00,0.0000000000000000e+00,0.0000000000000000e+00,0.0000000000000000e+00,
0.0000000000000000e+00,7.9870198158242188e+09,0.0000000000000000e+00,2.6641830381871841e+01,0.0000000000000000e+00,0.0000000000000000e+00,0.0000000000000000e+00,0.0000000000000000e+00,0.0000000000000000e+00,0.0000000000000000e+00,
0.0000000000000000e+00,1.0655205857894531e+10,7.9488799795542955e+07,3.4864064223474998e+01,0.0000000000000000e+00,0.0000000000000000e+00,0.0000000000000000e+00,2.2487123357639980e+12,6.3089636608820117e+12,0.0000000000000000e+00,
0.0000000000000000e+00,1.0932333030826172e+10,-8.3542897412860721e+07,3.7144985074541182e+01,0.0000000000000000e+00,0.0000000000000000e+00,0.0000000000000000e+00,2.4722867000138604e+12,3.8450962493625742e+12,0.0000000000000000e+00,
0.0000000000000000e+00,1.3610939738705078e+10,-1.1358972594339310e+08,4.5926363575621508e+01,0.0000000000000000e+00,0.0000000000000000e+00,0.0000000000000000e+00,1.7026672174404214e+12,6.5527976366359443e+12,0.0000000000000000e+00,
0.0000000000000000e+00,1.4795334472392578e+10,-4.5981740036198080e+08,4.9400644898021710e+01,0.0000000000000000e+00,0.0000000000000000e+00,0.0000000000000000e+00,2.8467511238734204e+12,3.7392854230737153e+12,0.0000000000000000e+00,
0.0000000000000000e+00,1.5541089390329102e+10,6.6614968455109492e+07,4.7225945267775387e+01,0.0000000000000000e+00,0.0000000000000000e+00,0.0000000000000000e+00,2.5891447629635801e+12,5.3599104219462861e+12,0.0000000000000000e+00,
0.0000000000000000e+00,1.6170936114299805e+10,1.2007471185441055e+09,4.7708808252344170e+01,0.0000000000000000e+00,0.0000000000000000e+00,0.0000000000000000e+00,7.0030641881724707e+12,4.9256891306918311e+12,0.0000000000000000e+00,
0.0000000000000000e+00,1.6523901755311523e+10,2.6314799873420234e+09,4.5322223357154144e+01,0.0000000000000000e+00,0.0000000000000000e+00,0.0000000000000000e+00,3.6501594652740127e+12,5.4732586461720127e+12,0.0000000000000000e+00,
0.0000000000000000e+00,1.4123373810504883e+10,3.5125533356557212e+09,2.3683769167462742e+01,0.0000000000000000e+00,0.0000000000000000e+00,0.0000000000000000e+00,4.2437279255239551e+12,6.0878366257522148e+12,0.0000000000000000e+00,
0.0000000000000000e+00,1.7224394493053711e+10,4.0157288374317265e+09,9.1980815956776496e+00,0.0000000000000000e+00,0.0000000000000000e+00,0.0000000000000000e+00,5.9294404307236699e+12,5.7716127704716143e+12,-1.5803592126577234e+02,
0.0000000000000000e+00,2.3799885994333984e+10,3.4607609207298236e+09,-8.1419586282645469e+00,0.0000000000000000e+00,0.0000000000000000e+00,0.0000000000000000e+00,6.5859086552865605e+12,4.6523107383092588e+12,-1.5265148901049226e+03,
0.0000000000000000e+00,5.2878288902541016e+10,3.6240315983785496e+09,-4.8371433589378285e+01,0.0000000000000000e+00,0.0000000000000000e+00,0.0000000000000000e+00,4.0930977017800923e+12,8.8365928652789609e+12,0.0000000000000000e+00,
0.0000000000000000e+00,5.1118494673513623e+12,2.7449863320425792e+09,2.0535673811472891e+04,0.0000000000000000e+00,0.0000000000000000e+00,0.0000000000000000e+00,3.5222075636513223e+12,2.0214879554150027e+13,-9.1800380502123990e+03,
0.0000000000000000e+00,1.3177920765099629e+13,1.5657752815867944e+09,4.5870461353647268e+04,0.0000000000000000e+00,0.0000000000000000e+00,0.0000000000000000e+00,1.5443396407044814e+13,1.0868256177813281e+13,-1.6879042972161580e+04,
0.0000000000000000e+00,5.0899680524318574e+12,1.3551384160057259e+08,1.3460836096910381e+04,0.0000000000000000e+00,0.0000000000000000e+00,0.0000000000000000e+00,6.6924994836646191e+12,1.8435621189736279e+12,-8.3446699687531855e+03,

