1
1
10
0
(8 0
((0) (63) (0))
((64) (127) (0))
((128) (191) (0))
((192) (255) (0))
((256) (319) (0))
((320) (383) (0))
((384) (447) (0))
((448) (511) (0))
)
8
FabOnDisk: Cell_D_00000 0
FabOnDisk: Cell_D_00000 5196
FabOnDisk: Cell_D_00000 10394
FabOnDisk: Cell_D_00000 15593
FabOnDisk: Cell_D_00000 20792
FabOnDisk: Cell_D_00000 25991
FabOnDisk: Cell_D_00000 31190
FabOnDisk: Cell_D_00000 36389

8,10
0.0000000000000000e+00,-3.2910718213159180e+09,-2.2106058109798174e+09,-1.5845077542544459e+01,0.0000000000000000e+00,0.0000000000000000e+00,0.0000000000000000e+00,-4.9688266804277109e+12,-7.5004722778670488e+12,0.0000000000000000e+00,
0.0000000000000000e+00,-1.0288148135815430e+09,-2.0214722651040409e+09,-2.8023731312860036e+00,0.0000000000000000e+00,0.0000000000000000e+00,0.0000000000000000e+00,-3.7720124418909004e+12,-7.8628638903938438e+12,0.0000000000000000e+00,
0.0000000000000000e+00,-2.9885767518603516e+08,-1.6508359707092912e+09,-9.9981056572978559e+00,0.0000000000000000e+00,0.0000000000000000e+00,0.0000000000000000e+00,-1.9243724167272686e+12,-5.0340549752491729e+12,0.0000000000000000e+00,
0.0000000000000000e+00,4.2483547088378906e+08,-8.4187162740054727e+08,-2.5305681743653622e+01,0.0000000000000000e+00,0.0000000000000000e+00,0.0000000000000000e+00,-5.1836695393524922e+12,-5.8585369562876152e+12,0.0000000000000000e+00,
0.0000000000000000e+00,6.4474912617744141e+09,-8.2281597471082950e+08,-7.4578390343091087e+01,0.0000000000000000e+00,0.0000000000000000e+00,0.0000000000000000e+00,-5.0677866397302041e+12,-7.5790162566170381e+12,0.0000000000000000e+00,
0.0000000000000000e+00,-2.5185083768894204e+12,-6.5635392439813972e+08,-9.3839882633333837e+03,0.0000000000000000e+00,0.0000000000000000e+00,0.0000000000000000e+00,-7.8739278157974434e+12,-7.3515906268962031e+12,0.0000000000000000e+00,
0.0000000000000000e+00,-1.2668109946826439e+13,-1.3366882335820401e+08,-4.2137209787025393e+04,0.0000000000000000e+00,0.0000000000000000e+00,0.0000000000000000e+00,-1.2194382854268941e+13,-1.0043027047281434e+13,0.0000000000000000e+00,
0.0000000000000000e+00,-5.9042622210804824e+12,-7.8348845967249781e+07,-2.2834980274006190e+04,0.0000000000000000e+00,0.0000000000000000e+00,0.0000000000000000e+00,-8.3904969892468027e+12,-4.0360893350965366e+12,0.0000000000000000e+00,

8,10
0.0000000000000000e+00,1.8691424615712891e+09,8.5213296831089079e+07,1.5997346547999769e+01,0.0000000000000000e+00,0.0000000000000000e+00,0.0000000000000000e+00,1.1324378437605992e+13,8.4127810587970195e+12,0.0000000000000000e+00,
0.0000000000000000e+00,5.6942363489291992e+09,6.3621630297041273e+08,2.2636881211517903e+01,0.0000000000000000e+00,0.0000000000000000e+00,0.0000000000000000e+00,7.3412633080604307e+12,9.4513741779959961e+12,0.0000000000000000e+00,
0.0000000000000000e+00,5.7178203834916992e+09,9.5102229785196185e+08,1.8128497132216580e+01,0.0000000000000000e+00,0.0000000000000000e+00,0.0000000000000000e+00,8.5031171379360303e+12,6.6937950328314697e+12,0.0000000000000000e+00,
0.0000000000000000e+00,1.0108687434453125e+10,1.0775111228887436e+09,1.2971920897100063e+01,0.0000000000000000e+00,0.0000000000000000e+00,0.0000000000000000e+00,7.0156207259945215e+12,6.9695212164687324e+12,0.0000000000000000e+00,
0.0000000000000000e+00,2.1580340847529297e+10,1.2815557301250379e+09,-2.3758953788110375e+00,0.0000000000000000e+00,0.0000000000000000e+00,0.0000000000000000e+00,6.0570671365459668e+12,1.1703714830548129e+13,0.0000000000000000e+00,
0.0000000000000000e+00,2.8174854984312539e+12,1.2419545733830078e+09,8.4158920986305111e+03,0.0000000000000000e+00,0.0000000000000000e+00,0.0000000000000000e+00,6.5971592672912793e+12,9.6609664465421445e+12,0.0000000000000000e+00,
0.0000000000000000e+00,1.2633595356833717e+13,1.2221582518206954e+09,4.2260183825946595e+04,0.0000000000000000e+00,0.0000000000000000e+00,0.0000000000000000e+00,1.3159152591336088e+13,1.4000568650266730e+13,0.0000000000000000e+00,
0.0000000000000000e+00,6.8461926191419209e+12,9.4757354875208020e+07,1.9694259393142140e+04,0.0000000000000000e+00,0.0000000000000000e+00,0.0000000000000000e+00,7.9457478794670391e+12,3.3145379965898535e+12,0.0000000000000000e+00,

