HyperCLaw-V1.1
10
Ex
Ey
Ez
Bx
By
Bz
jx
jy
jz
rho
1
1.7720592557401713e-13
0
-3.0078124999998105e-06 
6.4992187500000949e-05 

((0) (511) (0)) 
400 
1.3281250000000148e-07 
0
0
0 8 1.7720592557401713e-13
400
-3.0078124999998105e-06 5.4921875000002843e-06
5.4921875000002843e-06 1.399218750000038e-05
1.399218750000038e-05 2.2492187500000475e-05
2.2492187500000475e-05 3.099218750000057e-05
3.099218750000057e-05 3.9492187500000668e-05
3.9492187500000668e-05 4.7992187500000759e-05
4.7992187500000759e-05 5.6492187500000851e-05
5.6492187500000851e-05 6.4992187500000949e-05
Level_0/Cell
