1
1
10
0
(32 0
((0) (63) (0))
((64) (127) (0))
((128) (191) (0))
((192) (255) (0))
((256) (319) (0))
((320) (383) (0))
((384) (447) (0))
((448) (511) (0))
((512) (575) (0))
((576) (639) (0))
((640) (703) (0))
((704) (767) (0))
((768) (831) (0))
((832) (895) (0))
((896) (959) (0))
((960) (1023) (0))
((1024) (1087) (0))
((1088) (1151) (0))
((1152) (1215) (0))
((1216) (1279) (0))
((1280) (1343) (0))
((1344) (1407) (0))
((1408) (1471) (0))
((1472) (1535) (0))
((1536) (1599) (0))
((1600) (1663) (0))
((1664) (1727) (0))
((1728) (1791) (0))
((1792) (1855) (0))
((1856) (1919) (0))
((1920) (1983) (0))
((1984) (2047) (0))
)
32
FabOnDisk: Cell_D_00000 0
FabOnDisk: Cell_D_00000 5196
FabOnDisk: Cell_D_00000 10394
FabOnDisk: Cell_D_00000 15593
FabOnDisk: Cell_D_00000 20792
FabOnDisk: Cell_D_00000 25991
FabOnDisk: Cell_D_00000 31190
FabOnDisk: Cell_D_00000 36389
FabOnDisk: Cell_D_00000 41588
FabOnDisk: Cell_D_00000 46787
FabOnDisk: Cell_D_00000 51986
FabOnDisk: Cell_D_00000 57185
FabOnDisk: Cell_D_00000 62384
FabOnDisk: Cell_D_00000 67583
FabOnDisk: Cell_D_00000 72782
FabOnDisk: Cell_D_00000 77981
FabOnDisk: Cell_D_00000 83181
FabOnDisk: Cell_D_00000 88382
FabOnDisk: Cell_D_00000 93583
FabOnDisk: Cell_D_00000 98784
FabOnDisk: Cell_D_00000 103985
FabOnDisk: Cell_D_00000 109186
FabOnDisk: Cell_D_00000 114387
FabOnDisk: Cell_D_00000 119588
FabOnDisk: Cell_D_00000 124789
FabOnDisk: Cell_D_00000 129990
FabOnDisk: Cell_D_00000 135191
FabOnDisk: Cell_D_00000 140392
FabOnDisk: Cell_D_00000 145593
FabOnDisk: Cell_D_00000 150794
FabOnDisk: Cell_D_00000 155995
FabOnDisk: Cell_D_00000 161196

32,10
0.0000000000000000e+00,-3.3612498284796509e+12,0.0000000000000000e+00,-1.1211922577717585e+04,0.0000000000000000e+00,0.0000000000000000e+00,0.0000000000000000e+00,0.0000000000000000e+00,0.0000000000000000e+00,0.0000000000000000e+00,
0.0000000000000000e+00,-7.1657618473656143e+12,0.0000000000000000e+00,-2.3902408670219495e+04,0.0000000000000000e+00,0.0000000000000000e+00,0.0000000000000000e+00,0.0000000000000000e+00,0.0000000000000000e+00,0.0000000000000000e+00,
0.0000000000000000e+00,-1.3862733052330357e+13,0.0000000000000000e+00,-4.6241100075740920e+04,0.0000000000000000e+00,0.0000000000000000e+00,0.0000000000000000e+00,0.0000000000000000e+00,0.0000000000000000e+00,0.0000000000000000e+00,
0.0000000000000000e+00,-1.5694234824883969e+13,0.0000000000000000e+00,-5.2350332391897471e+04,0.0000000000000000e+00,0.0000000000000000e+00,0.0000000000000000e+00,0.0000000000000000e+00,0.0000000000000000e+00,0.0000000000000000e+00,
0.0000000000000000e+00,-1.3876364140874219e+13,0.0000000000000000e+00,-4.6286568492907878e+04,0.0000000000000000e+00,0.0000000000000000e+00,0.0000000000000000e+00,0.0000000000000000e+00,0.0000000000000000e+00,0.0000000000000000e+00,
0.0000000000000000e+00,-9.5196653114536758e+12,0.0000000000000000e+00,-3.1754185462042758e+04,0.0000000000000000e+00,0.0000000000000000e+00,0.0000000000000000e+00,0.0000000000000000e+00,0.0000000000000000e+00,0.0000000000000000e+00,
0.0000000000000000e+00,-3.3620630180326172e+12,0.0000000000000000e+00,-1.1214635086092145e+04,0.0000000000000000e+00,0.0000000000000000e+00,0.0000000000000000e+00,0.0000000000000000e+00,0.0000000000000000e+00,0.0000000000000000e+00,
0.0000000000000000e+00,-1.0677505124507649e+12,0.0000000000000000e+00,-3.5616323358299860e+03,0.0000000000000000e+00,0.0000000000000000e+00,0.0000000000000000e+00,0.0000000000000000e+00,0.0000000000000000e+00,0.0000000000000000e+00,
0.0000000000000000e+00,-1.6681309969829745e+11,0.0000000000000000e+00,-5.5642860668057801e+02,0.0000000000000000e+00,0.0000000000000000e+00,0.0000000000000000e+00,0.0000000000000000e+00,0.0000000000000000e+00,0.0000000000000000e+00,
0.0000000000000000e+00,-1.2183650154055084e+10,0.0000000000000000e+00,-4.0640282398442992e+01,0.0000000000000000e+00,0.0000000000000000e+00,0.0000000000000000e+00,0.0000000000000000e+00,0.0000000000000000e+00,0.0000000000000000e+00,
0.0000000000000000e+00,-1.1186240056897888e+09,0.0000000000000000e+00,-3.7313280432084639e+00,0.0000000000000000e+00,0.0000000000000000e+00,0.0000000000000000e+00,0.0000000000000000e+00,0.0000000000000000e+00,0.0000000000000000e+00,
0.0000000000000000e+00,4.2513318374874878e+08,0.0000000000000000e+00,1.4180916577982998e+00,0.0000000000000000e+00,0.0000000000000000e+00,0.0000000000000000e+00,0.0000000000000000e+00,0.0000000000000000e+00,0.0000000000000000e+00,
0.0000000000000000e+00,4.7065513330657959e+08,0.0000000000000000e+00,1.5699365369669067e+00,0.0000000000000000e+00,0.0000000000000000e+00,0.0000000000000000e+00,0.0000000000000000e+00,0.0000000000000000e+00,0.0000000000000000e+00,
0.0000000000000000e+00,2.3313421762130737e+08,0.0000000000000000e+00,7.7765204365584850e-01,0.0000000000000000e+00,0.0000000000000000e+00,0.0000000000000000e+00,0.0000000000000000e+00,0.0000000000000000e+00,0.0000000000000000e+00,
0.0000000000000000e+00,6.7006479771554565e+08,0.0000000000000000e+00,2.2350955797945744e+00,0.0000000000000000e+00,0.0000000000000000e+00,0.0000000000000000e+00,0.0000000000000000e+00,0.0000000000000000e+00,0.0000000000000000e+00,
0.0000000000000000e+00,5.1018883172332764e+08,0.0000000000000000e+00,1.7018037188685184e+00,0.0000000000000000e+00,0.0000000000000000e+00,0.0000000000000000e+00,0.0000000000000000e+00,0.0000000000000000e+00,0.0000000000000000e+00,
0.0000000000000000e+00,4.1537661482421875e+08,5.0750627807191759e+08,1.3855454126553468e+00,0.0000000000000000e+00,0.0000000000000000e+00,0.0000000000000000e+00,0.0000000000000000e+00,0.0000000000000000e+00,0.0000000000000000e+00,
0.0000000000000000e+00,7.3574204040893555e+08,1.1615250496552808e+09,2.4514049763042749e+00,0.0000000000000000e+00,0.0000000000000000e+00,0.0000000000000000e+00,0.0000000000000000e+00,0.0000000000000000e+00,0.0000000000000000e+00,
0.0000000000000000e+00,3.0022345894778442e+08,1.4337606006814640e+09,1.2323163247458524e+00,0.0000000000000000e+00,0.0000000000000000e+00,0.0000000000000000e+00,0.0000000000000000e+00,0.0000000000000000e+00,0.0000000000000000e+00,
0.0000000000000000e+00,-9.0207019482327271e+08,2.2901374344618769e+09,3.1783308413571376e-01,0.0000000000000000e+00,0.0000000000000000e+00,0.0000000000000000e+00,0.0000000000000000e+00,0.0000000000000000e+00,0.0000000000000000e+00,
0.0000000000000000e+00,-1.2677397093757599e+10,2.7288421767146420e+09,-6.7803208937034128e+01,0.0000000000000000e+00,0.0000000000000000e+00,0.0000000000000000e+00,0.0000000000000000e+00,0.0000000000000000e+00,0.0000000000000000e+00,
0.0000000000000000e+00,-1.6655761620327719e+11,3.1158833228329611e+09,-4.0488131422145148e+02,0.0000000000000000e+00,0.0000000000000000e+00,0.0000000000000000e+00,0.0000000000000000e+00,0.0000000000000000e+00,0.0000000000000000e+00,
0.0000000000000000e+00,-1.2104849555460476e+12,3.5027378406674004e+09,-3.0385070835108845e+03,0.0000000000000000e+00,0.0000000000000000e+00,0.0000000000000000e+00,0.0000000000000000e+00,0.0000000000000000e+00,0.0000000000000000e+00,
0.0000000000000000e+00,-3.3461040307345186e+12,3.7915389867570677e+09,-1.3804763661873596e+04,0.0000000000000000e+00,0.0000000000000000e+00,0.0000000000000000e+00,0.0000000000000000e+00,0.0000000000000000e+00,0.0000000000000000e+00,
0.0000000000000000e+00,-9.4773075917283164e+12,3.7080848415767632e+09,-2.7612639881079020e+04,0.0000000000000000e+00,0.0000000000000000e+00,0.0000000000000000e+00,-3.9926207676995797e+13,-2.2566266686481668e+13,-1.8614780896547879e+05,
0.0000000000000000e+00,-1.4937223209760697e+13,2.3821896154162216e+09,-4.8997609660876718e+04,0.0000000000000000e+00,0.0000000000000000e+00,0.0000000000000000e+00,-4.1532396299557148e+13,-6.0695344816268992e+13,-2.8600509580299794e+05,
0.0000000000000000e+00,-1.5791240775418020e+13,1.4103623678627501e+09,-5.2316998003814057e+04,0.0000000000000000e+00,0.0000000000000000e+00,0.0000000000000000e+00,-3.5029216534110332e+13,-2.6754270592040660e+13,-2.4645722797159551e+05,
0.0000000000000000e+00,-1.3928731346611064e+13,3.5917419994962227e+08,-4.3300050430229094e+04,0.0000000000000000e+00,0.0000000000000000e+00,0.0000000000000000e+00,-3.1309124585696438e+13,-2.2694776910767449e+13,-2.0843393392922130e+05,
0.0000000000000000e+00,-7.1690173348862158e+12,5.7021380080559149e+07,-2.7789748307164013e+04,0.0000000000000000e+00,0.0000000000000000e+00,0.0000000000000000e+00,-1.7195439116810012e+13,-4.6564407951751855e+12,-8.3635609210924013e+04,
0.0000000000000000e+00,-3.1328268292852002e+12,8.2403271704678303e+06,-8.8965570824591086e+03,0.0000000000000000e+00,0.0000000000000000e+00,0.0000000000000000e+00,-6.0772335491758701e+12,-7.1566852673019849e+11,-3.8974418959156006e+04,
0.0000000000000000e+00,-6.6185762461038379e+11,-5.5416736894247006e+05,-1.6175828208313258e+03,0.0000000000000000e+00,0.0000000000000000e+00,0.0000000000000000e+00,-2.4049276212215596e+12,-1.1176472599324896e+11,-3.3045963243193088e+04,
0.0000000000000000e+00,-7.8073452242878347e-78,0.0000000000000000e+00,-3.7304725390515995e-80,0.0000000000000000e+00,0.0000000000000000e+00,0.0000000000000000e+00,-1.2455410648567336e-68,0.0000000000000000e+00,-3.2043532680000746e+04,

32,10
0.0000000000000000e+00,2.6737449602118145e+12,0.0000000000000000e+00,8.9186531844367291e+03,0.0000000000000000e+00,0.0000000000000000e+00,0.0000000000000000e+00,0.0000000000000000e+00,0.0000000000000000e+00,0.0000000000000000e+00,
0.0000000000000000e+00,8.3227240065586055e+12,0.0000000000000000e+00,2.7761619028316607e+04,0.0000000000000000e+00,0.0000000000000000e+00,0.0000000000000000e+00,0.0000000000000000e+00,0.0000000000000000e+00,0.0000000000000000e+00,
0.0000000000000000e+00,1.2921469580808973e+13,0.0000000000000000e+00,4.3101383093529919e+04,0.0000000000000000e+00,0.0000000000000000e+00,0.0000000000000000e+00,0.0000000000000000e+00,0.0000000000000000e+00,0.0000000000000000e+00,
0.0000000000000000e+00,1.5585399274670314e+13,0.0000000000000000e+00,5.1987296073573416e+04,0.0000000000000000e+00,0.0000000000000000e+00,0.0000000000000000e+00,0.0000000000000000e+00,0.0000000000000000e+00,0.0000000000000000e+00,
0.0000000000000000e+00,1.4654896490530178e+13,0.0000000000000000e+00,4.8883472880862770e+04,0.0000000000000000e+00,0.0000000000000000e+00,0.0000000000000000e+00,0.0000000000000000e+00,0.0000000000000000e+00,0.0000000000000000e+00,
0.0000000000000000e+00,8.3282207050560059e+12,0.0000000000000000e+00,2.7779954040925262e+04,0.0000000000000000e+00,0.0000000000000000e+00,0.0000000000000000e+00,0.0000000000000000e+00,0.0000000000000000e+00,0.0000000000000000e+00,
0.0000000000000000e+00,4.1608710739058242e+12,0.0000000000000000e+00,1.3879171950035634e+04,0.0000000000000000e+00,0.0000000000000000e+00,0.0000000000000000e+00,0.0000000000000000e+00,0.0000000000000000e+00,0.0000000000000000e+00,
0.0000000000000000e+00,9.1398988027467163e+11,0.0000000000000000e+00,3.0487420743409216e+03,0.0000000000000000e+00,0.0000000000000000e+00,0.0000000000000000e+00,0.0000000000000000e+00,0.0000000000000000e+00,0.0000000000000000e+00,
0.0000000000000000e+00,1.1349725984180756e+11,0.0000000000000000e+00,3.7858610786606050e+02,0.0000000000000000e+00,0.0000000000000000e+00,0.0000000000000000e+00,0.0000000000000000e+00,0.0000000000000000e+00,0.0000000000000000e+00,
0.0000000000000000e+00,2.1087227219209991e+10,0.0000000000000000e+00,7.0339418676175683e+01,0.0000000000000000e+00,0.0000000000000000e+00,0.0000000000000000e+00,0.0000000000000000e+00,0.0000000000000000e+00,0.0000000000000000e+00,
0.0000000000000000e+00,1.3591944262678833e+09,0.0000000000000000e+00,4.5337845900040747e+00,0.0000000000000000e+00,0.0000000000000000e+00,0.0000000000000000e+00,0.0000000000000000e+00,0.0000000000000000e+00,0.0000000000000000e+00,
0.0000000000000000e+00,9.5078930270639038e+08,0.0000000000000000e+00,3.1714917348508607e+00,0.0000000000000000e+00,0.0000000000000000e+00,0.0000000000000000e+00,0.0000000000000000e+00,0.0000000000000000e+00,0.0000000000000000e+00,
0.0000000000000000e+00,1.0540859351797485e+09,0.0000000000000000e+00,3.5160522123293276e+00,0.0000000000000000e+00,0.0000000000000000e+00,0.0000000000000000e+00,0.0000000000000000e+00,0.0000000000000000e+00,0.0000000000000000e+00,
0.0000000000000000e+00,6.8795029698950195e+08,0.0000000000000000e+00,2.2947551835936792e+00,0.0000000000000000e+00,0.0000000000000000e+00,0.0000000000000000e+00,0.0000000000000000e+00,0.0000000000000000e+00,0.0000000000000000e+00,
0.0000000000000000e+00,1.2471455289889221e+09,0.0000000000000000e+00,4.1600296995958388e+00,0.0000000000000000e+00,0.0000000000000000e+00,0.0000000000000000e+00,6.3232685362248332e+04,0.0000000000000000e+00,0.0000000000000000e+00,
0.0000000000000000e+00,1.1018341483321533e+09,5.1130696053424215e+08,3.6753231332630776e+00,0.0000000000000000e+00,0.0000000000000000e+00,0.0000000000000000e+00,0.0000000000000000e+00,0.0000000000000000e+00,0.0000000000000000e+00,
0.0000000000000000e+00,1.0367319229635010e+09,1.1517068974438035e+09,3.4583277765236744e+00,0.0000000000000000e+00,0.0000000000000000e+00,0.0000000000000000e+00,0.0000000000000000e+00,0.0000000000000000e+00,0.0000000000000000e+00,
0.0000000000000000e+00,1.2096529563993530e+09,1.4940340638239539e+09,4.0360422718329119e+00,0.0000000000000000e+00,0.0000000000000000e+00,0.0000000000000000e+00,0.0000000000000000e+00,0.0000000000000000e+00,0.0000000000000000e+00,
0.0000000000000000e+00,7.9810772019131470e+08,2.2883185234848714e+09,2.6191328577119748e+00,0.0000000000000000e+00,0.0000000000000000e+00,0.0000000000000000e+00,0.0000000000000000e+00,0.0000000000000000e+00,0.0000000000000000e+00,
0.0000000000000000e+00,2.0753065857959900e+09,2.7843132748400745e+09,8.3128937890950283e+00,0.0000000000000000e+00,0.0000000000000000e+00,0.0000000000000000e+00,0.0000000000000000e+00,0.0000000000000000e+00,0.0000000000000000e+00,
0.0000000000000000e+00,2.0866837823554626e+10,3.1155094589436650e+09,4.3918436970693733e+01,0.0000000000000000e+00,0.0000000000000000e+00,0.0000000000000000e+00,0.0000000000000000e+00,0.0000000000000000e+00,0.0000000000000000e+00,
0.0000000000000000e+00,1.2233019834708789e+11,3.5990419025763483e+09,5.5893471483795622e+02,0.0000000000000000e+00,0.0000000000000000e+00,0.0000000000000000e+00,0.0000000000000000e+00,0.0000000000000000e+00,0.0000000000000000e+00,
0.0000000000000000e+00,9.1227051431414355e+11,3.9841820365865655e+09,4.0478986430993564e+03,0.0000000000000000e+00,0.0000000000000000e+00,0.0000000000000000e+00,0.0000000000000000e+00,0.0000000000000000e+00,0.0000000000000000e+00,
0.0000000000000000e+00,4.1395113983482964e+12,4.7838156585926723e+09,1.1164326581493970e+04,0.0000000000000000e+00,0.0000000000000000e+00,0.0000000000000000e+00,0.0000000000000000e+00,0.0000000000000000e+00,0.0000000000000000e+00,
0.0000000000000000e+00,8.2793826967257812e+12,4.8717170635997782e+09,3.1612923970664517e+04,0.0000000000000000e+00,0.0000000000000000e+00,0.0000000000000000e+00,2.1997426198515367e+13,3.0541913750252285e+13,0.0000000000000000e+00,
0.0000000000000000e+00,1.4691244751131547e+13,4.0667400943237424e+09,4.9828178127983367e+04,0.0000000000000000e+00,0.0000000000000000e+00,0.0000000000000000e+00,4.1240821521573281e+13,2.8865491015048668e+13,-1.5753242254925819e+04,
0.0000000000000000e+00,1.5686105725970463e+13,2.9612793532865458e+09,5.2675148264414027e+04,0.0000000000000000e+00,0.0000000000000000e+00,0.0000000000000000e+00,3.1616562202843332e+13,1.9461046100919457e+13,-3.6751580146256842e+04,
0.0000000000000000e+00,1.2982327740307684e+13,1.2856743266388617e+09,4.6461012365069728e+04,0.0000000000000000e+00,0.0000000000000000e+00,0.0000000000000000e+00,2.7944819372794141e+13,1.1715077998238777e+13,-3.5079771314009384e+04,
0.0000000000000000e+00,8.3319108393504248e+12,3.9412800693089235e+08,2.3912989054422196e+04,0.0000000000000000e+00,0.0000000000000000e+00,0.0000000000000000e+00,1.5283088924249959e+13,4.0359499092287412e+12,-3.2521548429008762e+04,
0.0000000000000000e+00,2.6676389700096235e+12,7.4141702557362601e+07,1.0450694324260554e+04,0.0000000000000000e+00,0.0000000000000000e+00,0.0000000000000000e+00,6.3714022558170967e+12,3.9985760001222485e+11,-3.2068475033875362e+04,
0.0000000000000000e+00,4.8504677227301624e+11,6.2627775741477916e+06,2.2080307651637831e+03,0.0000000000000000e+00,0.0000000000000000e+00,0.0000000000000000e+00,6.8779734259301855e+11,1.7760382161287758e+10,-3.2043532679999524e+04,
0.0000000000000000e+00,1.1196655427208222e-71,0.0000000000000000e+00,2.6031659982761449e-86,0.0000000000000000e+00,0.0000000000000000e+00,0.0000000000000000e+00,9.1007272502122198e-75,0.0000000000000000e+00,-8.3446699687522469e+03,

