1
1
10
0
(8 0
((0) (63) (0))
((64) (127) (0))
((128) (191) (0))
((192) (255) (0))
((256) (319) (0))
((320) (383) (0))
((384) (447) (0))
((448) (511) (0))
)
8
FabOnDisk: Cell_D_00000 0
FabOnDisk: Cell_D_00000 5196
FabOnDisk: Cell_D_00000 10394
FabOnDisk: Cell_D_00000 15593
FabOnDisk: Cell_D_00000 20792
FabOnDisk: Cell_D_00000 25991
FabOnDisk: Cell_D_00000 31190
FabOnDisk: Cell_D_00000 36389

8,10
0.0000000000000000e+00,-1.2835215711525090e+13,-2.4665921064789230e+10,-4.2822720099186452e+04,0.0000000000000000e+00,0.0000000000000000e+00,0.0000000000000000e+00,-6.6289044557183574e+12,-6.4869533304894912e+12,-6.0318315849589344e+04,
0.0000000000000000e+00,-1.2795964378544758e+13,-2.5090307387993004e+10,-4.2695796303733732e+04,0.0000000000000000e+00,0.0000000000000000e+00,0.0000000000000000e+00,-1.0334775043783777e+13,-1.3134681297628180e+13,-9.2612973250497482e+04,
0.0000000000000000e+00,-1.3305002507607828e+13,-2.3026347219317623e+10,-4.4389822571802135e+04,0.0000000000000000e+00,0.0000000000000000e+00,0.0000000000000000e+00,-7.0454909012870439e+12,-2.3558387014601875e+13,-1.0191178660017523e+05,
0.0000000000000000e+00,-5.6521836996159314e+11,-2.3108122271588989e+10,-1.8845088110337404e+03,0.0000000000000000e+00,0.0000000000000000e+00,0.0000000000000000e+00,-8.8426393905535742e+12,-7.6092466380630869e+12,-5.7902389494629337e+04,
0.0000000000000000e+00,-4.9021762728693562e+09,-1.4367334577281446e+10,-9.5202934770346239e+00,0.0000000000000000e+00,0.0000000000000000e+00,0.0000000000000000e+00,-3.8482185542627378e+12,-3.5864357340558076e+12,-4.4550983671841022e+04,
0.0000000000000000e+00,-3.2968333181975851e+09,-1.8903297926648507e+09,-8.3883603297489966e+00,0.0000000000000000e+00,0.0000000000000000e+00,0.0000000000000000e+00,-5.1844340787175439e+12,-2.7643834365663335e+12,-5.0545586153437966e+04,
0.0000000000000000e+00,-3.3255533033895578e+09,6.5295384839883220e+08,-1.2887205755677821e+01,0.0000000000000000e+00,0.0000000000000000e+00,0.0000000000000000e+00,-7.0159150872317793e+12,-5.9800110232290166e+12,-6.0071852467580284e+04,
0.0000000000000000e+00,-4.2510277385694265e+09,6.6927940200743973e+08,-1.6912791326880637e+01,0.0000000000000000e+00,0.0000000000000000e+00,0.0000000000000000e+00,-4.4071911306370674e+12,-4.1808660010750200e+12,-3.0534843689166562e+04,

8,10
0.0000000000000000e+00,1.2951862208899965e+13,1.3153225954753233e+10,4.3196386159149944e+04,0.0000000000000000e+00,0.0000000000000000e+00,0.0000000000000000e+00,1.0307791196078670e+13,8.6956562842109746e+12,0.0000000000000000e+00,
0.0000000000000000e+00,1.2537416992791516e+13,1.9836532637094788e+10,4.1813545388341328e+04,0.0000000000000000e+00,0.0000000000000000e+00,0.0000000000000000e+00,1.2877475277414441e+13,1.4833996948346947e+13,0.0000000000000000e+00,
0.0000000000000000e+00,1.3524968804548328e+13,2.5283778699453529e+10,4.5112678100692152e+04,0.0000000000000000e+00,0.0000000000000000e+00,0.0000000000000000e+00,1.5690220444784418e+13,1.4455543708724914e+13,-4.7392028462725239e+03,
0.0000000000000000e+00,7.8244016117971826e+11,2.4493940354187897e+10,2.6195451833298780e+03,0.0000000000000000e+00,0.0000000000000000e+00,0.0000000000000000e+00,5.6091977806534727e+12,1.0510974253149818e+13,0.0000000000000000e+00,
0.0000000000000000e+00,4.3379884658107023e+09,2.2996979717483727e+10,1.6310144117887283e+01,0.0000000000000000e+00,0.0000000000000000e+00,0.0000000000000000e+00,4.5558133236330410e+12,5.6572667468422471e+12,0.0000000000000000e+00,
0.0000000000000000e+00,4.6626946820052910e+09,1.8020820986051933e+10,1.8108647756204768e+01,0.0000000000000000e+00,0.0000000000000000e+00,0.0000000000000000e+00,1.0465902721091551e+13,3.1759238752883711e+12,0.0000000000000000e+00,
0.0000000000000000e+00,3.4760953779737978e+09,2.0346219739481773e+10,1.2877820449995728e+01,0.0000000000000000e+00,0.0000000000000000e+00,0.0000000000000000e+00,8.3011928302609512e+12,8.8104603021712129e+12,0.0000000000000000e+00,
0.0000000000000000e+00,3.8991335573663483e+09,2.3541237573693783e+10,1.1474591907266610e+01,0.0000000000000000e+00,0.0000000000000000e+00,0.0000000000000000e+00,3.5857919324194004e+12,4.9966702355900518e+12,0.0000000000000000e+00,

