HyperCLaw-V1.1
10
Ex
Ey
Ez
Bx
By
Bz
jx
jy
jz
rho
1
4.4301481393504472e-14
0
-4.2785156250000268e-05 
2.5214843749999816e-05 

((0) (1023) (0)) 
200 
6.6406250000000079e-08 
0
0
0 16 4.4301481393504472e-14
200
-4.2785156250000268e-05 -3.8535156250000266e-05
-3.8535156250000266e-05 -3.4285156250000258e-05
-3.4285156250000258e-05 -3.0035156250000253e-05
-3.0035156250000253e-05 -2.5785156250000248e-05
-2.5785156250000248e-05 -2.1535156250000243e-05
-2.1535156250000243e-05 -1.7285156250000238e-05
-1.7285156250000238e-05 -1.3035156250000233e-05
-1.3035156250000233e-05 -8.7851562500002275e-06
-8.7851562500002275e-06 -4.5351562500002191e-06
-4.5351562500002191e-06 -2.8515625000021742e-07
-2.8515625000021742e-07 3.9648437499997842e-06
3.9648437499997842e-06 8.2148437499997927e-06
8.2148437499997927e-06 1.2464843749999801e-05
1.2464843749999801e-05 1.6714843749999803e-05
1.6714843749999803e-05 2.0964843749999804e-05
2.0964843749999804e-05 2.5214843749999813e-05
Level_0/Cell
