1
1
10
0
(16 0
((0) (63) (0))
((64) (127) (0))
((128) (191) (0))
((192) (255) (0))
((256) (319) (0))
((320) (383) (0))
((384) (447) (0))
((448) (511) (0))
((512) (575) (0))
((576) (639) (0))
((640) (703) (0))
((704) (767) (0))
((768) (831) (0))
((832) (895) (0))
((896) (959) (0))
((960) (1023) (0))
)
16
FabOnDisk: Cell_D_00000 0
FabOnDisk: Cell_D_00000 5196
FabOnDisk: Cell_D_00000 10394
FabOnDisk: Cell_D_00000 15593
FabOnDisk: Cell_D_00000 20792
FabOnDisk: Cell_D_00000 25991
FabOnDisk: Cell_D_00000 31190
FabOnDisk: Cell_D_00000 36389
FabOnDisk: Cell_D_00000 41588
FabOnDisk: Cell_D_00000 46787
FabOnDisk: Cell_D_00000 51986
FabOnDisk: Cell_D_00000 57185
FabOnDisk: Cell_D_00000 62384
FabOnDisk: Cell_D_00000 67583
FabOnDisk: Cell_D_00000 72782
FabOnDisk: Cell_D_00000 77981

16,10
0.0000000000000000e+00,-9.3458318422988281e+09,-4.1929141033770885e+09,-1.4989047092753026e+01,0.0000000000000000e+00,0.0000000000000000e+00,0.0000000000000000e+00,-8.2197633136599180e+12,-5.8386006508267910e+12,-8.7874360661825398e+04,
0.0000000000000000e+00,-1.0148176587163086e+10,-3.1502653363217230e+09,-2.2619931203655142e+01,0.0000000000000000e+00,0.0000000000000000e+00,0.0000000000000000e+00,-6.3735757602195791e+12,-3.6761266179597900e+12,-3.9347140741421899e+04,
0.0000000000000000e+00,-1.1619439804005859e+10,-1.9984034256870501e+09,-2.6718732728812029e+01,0.0000000000000000e+00,0.0000000000000000e+00,0.0000000000000000e+00,-3.2029627831416953e+12,-4.6435816859081885e+12,-5.8926381240005881e+04,
0.0000000000000000e+00,-1.2048157955961914e+10,-5.1845553407085788e+08,-2.9686627979775949e+01,0.0000000000000000e+00,0.0000000000000000e+00,0.0000000000000000e+00,-4.5419008217937197e+12,-7.4451791164315664e+12,-8.9138174487768367e+04,
0.0000000000000000e+00,-1.1445564409384766e+10,2.5814017196094751e+08,-2.7062998989575135e+01,0.0000000000000000e+00,0.0000000000000000e+00,0.0000000000000000e+00,-1.0463674926657502e+13,-7.3153952068571465e+12,-7.1045233174154462e+04,
0.0000000000000000e+00,-1.0454563476748047e+10,6.8212561146427584e+08,-2.9923338432228775e+01,0.0000000000000000e+00,0.0000000000000000e+00,0.0000000000000000e+00,-5.6272484896037510e+12,-3.5528577285999165e+12,-7.6492520220791455e+04,
0.0000000000000000e+00,-9.3999530855302734e+09,1.2664531890840480e+09,-1.8531634145416319e+01,0.0000000000000000e+00,0.0000000000000000e+00,0.0000000000000000e+00,-7.2577911355864277e+12,-5.5966442394865938e+12,-4.2124297754788277e+04,
0.0000000000000000e+00,-1.0606897691176758e+10,2.0151447594730492e+09,-1.6867955214031099e+01,0.0000000000000000e+00,0.0000000000000000e+00,0.0000000000000000e+00,-2.8820562215870127e+12,-4.3123697430021187e+12,-6.3931483844058079e+04,
0.0000000000000000e+00,-1.2632288120465820e+10,2.9182454265879169e+09,-1.2405482608126476e+01,0.0000000000000000e+00,0.0000000000000000e+00,0.0000000000000000e+00,-5.7561186925604141e+12,-7.3650206244374600e+12,-7.0779026871897673e+04,
0.0000000000000000e+00,-1.4477735399443359e+10,2.3805664006949048e+09,-1.8751905267024995e+01,0.0000000000000000e+00,0.0000000000000000e+00,0.0000000000000000e+00,-3.2168934505227441e+12,-3.5703177089129429e+12,-7.0061010727413261e+04,
0.0000000000000000e+00,-1.4803306123239258e+10,2.8015219945490851e+09,-1.4675294749165914e+01,0.0000000000000000e+00,0.0000000000000000e+00,0.0000000000000000e+00,-5.0654992668289355e+12,-6.2423724364334004e+12,-8.4847683186611510e+04,
0.0000000000000000e+00,-1.2409758357902344e+10,2.7367073077268314e+09,-4.4479150080551335e+01,0.0000000000000000e+00,0.0000000000000000e+00,0.0000000000000000e+00,-3.1666470338916953e+12,-6.8901445788381172e+12,-1.0599660358878518e+05,
0.0000000000000000e+00,1.4201490007617188e+08,2.2303462963608937e+09,-2.0133727204337993e+02,0.0000000000000000e+00,0.0000000000000000e+00,0.0000000000000000e+00,-4.8210144677152158e+12,-7.7489520469205000e+12,-8.2867058782935259e+04,
0.0000000000000000e+00,-6.0891612893524531e+12,6.7212976259368896e+08,-1.8638048356922285e+04,0.0000000000000000e+00,0.0000000000000000e+00,0.0000000000000000e+00,-1.4961671314500994e+13,-1.9082003217577184e+13,-1.1087174481754781e+05,
0.0000000000000000e+00,-1.3772067378931770e+13,-1.7028826508920664e+08,-4.3757678846548370e+04,0.0000000000000000e+00,0.0000000000000000e+00,0.0000000000000000e+00,-1.9301005891828145e+13,-1.3196265012521049e+13,-1.4550400737522257e+05,
0.0000000000000000e+00,-4.0562519172351240e+12,-3.5341499073136508e+07,-1.6887891104730101e+04,0.0000000000000000e+00,0.0000000000000000e+00,0.0000000000000000e+00,-6.8418823394009102e+12,-2.4873949306785356e+12,-4.1854074213020293e+04,

16,10
0.0000000000000000e+00,-1.0018332438964844e+09,-2.1708699882253289e+09,2.0597024380898802e+01,0.0000000000000000e+00,0.0000000000000000e+00,0.0000000000000000e+00,8.8935885128665371e+12,7.1363128834530918e+12,0.0000000000000000e+00,
0.0000000000000000e+00,-3.9148492893115234e+09,-1.3949786810707608e+08,1.3727288746529666e+01,0.0000000000000000e+00,0.0000000000000000e+00,0.0000000000000000e+00,4.5064758994540459e+12,4.3767363451074399e+12,0.0000000000000000e+00,
0.0000000000000000e+00,-5.2028244933583984e+09,5.9028516775459123e+08,9.5871695410241955e+00,0.0000000000000000e+00,0.0000000000000000e+00,0.0000000000000000e+00,3.7865272433480527e+12,5.7975983037727891e+12,0.0000000000000000e+00,
0.0000000000000000e+00,-6.9553499316777344e+09,2.1796703212681904e+09,6.4073014163150219e+00,0.0000000000000000e+00,0.0000000000000000e+00,0.0000000000000000e+00,5.9951289480479531e+12,6.8455679705849746e+12,0.0000000000000000e+00,
0.0000000000000000e+00,-6.8503051279951172e+09,2.2182433866913462e+09,1.1180354724223434e+01,0.0000000000000000e+00,0.0000000000000000e+00,0.0000000000000000e+00,5.1014015190800605e+12,5.3177445124652910e+12,-9.3016159121015924e+00,
0.0000000000000000e+00,-6.0988418002705078e+09,2.9454818646206360e+09,1.3190664186644426e+01,0.0000000000000000e+00,0.0000000000000000e+00,0.0000000000000000e+00,8.4064560415425586e+12,3.6304737581827788e+12,-2.3554915909984942e+02,
0.0000000000000000e+00,-3.1681842635126953e+09,4.1192798250587397e+09,2.1720816742199531e+01,0.0000000000000000e+00,0.0000000000000000e+00,0.0000000000000000e+00,4.8049719139635664e+12,4.3581340608864775e+12,-4.0955346959573325e+02,
0.0000000000000000e+00,-3.3657143690410156e+09,4.3696348549211893e+09,2.5803816632680537e+01,0.0000000000000000e+00,0.0000000000000000e+00,0.0000000000000000e+00,7.1069640466079355e+12,4.5061944397582803e+12,0.0000000000000000e+00,
0.0000000000000000e+00,-3.8033489922265625e+09,4.8453995889203672e+09,3.3425076995175914e+01,0.0000000000000000e+00,0.0000000000000000e+00,0.0000000000000000e+00,7.1714185892685449e+12,5.6706035037554453e+12,0.0000000000000000e+00,
0.0000000000000000e+00,-5.4073512067431641e+09,4.7765311467524614e+09,4.0301862831511244e+01,0.0000000000000000e+00,0.0000000000000000e+00,0.0000000000000000e+00,9.5716182631547910e+12,6.2241665084463311e+12,0.0000000000000000e+00,
0.0000000000000000e+00,1.0767043686591797e+09,5.5472394854707251e+09,4.0106273021414381e+01,0.0000000000000000e+00,0.0000000000000000e+00,0.0000000000000000e+00,9.1553095325632949e+12,5.9022472517575068e+12,-3.0773703117820196e+03,
0.0000000000000000e+00,1.3642067340292969e+10,6.1008264700426054e+09,3.8785032512216276e+01,0.0000000000000000e+00,0.0000000000000000e+00,0.0000000000000000e+00,1.1451034469925441e+13,1.3132522926464676e+13,-7.7571219783712456e+02,
0.0000000000000000e+00,6.0483268869822266e+10,5.0355413412522774e+09,8.4671039273744100e+00,0.0000000000000000e+00,0.0000000000000000e+00,0.0000000000000000e+00,1.0383276351052777e+13,6.9652048226566387e+12,-7.4639049490951020e+03,
0.0000000000000000e+00,5.5851034177316406e+12,3.4564295624989152e+09,2.0306007396776451e+04,0.0000000000000000e+00,0.0000000000000000e+00,0.0000000000000000e+00,9.0046952533530273e+12,1.3661930673361643e+13,-7.5794933920618660e+03,
0.0000000000000000e+00,1.3117564181177906e+13,1.5076455278601985e+09,4.5931560789298368e+04,0.0000000000000000e+00,0.0000000000000000e+00,0.0000000000000000e+00,3.1236955160381523e+13,1.0221325904274053e+13,-1.8184501496040648e+04,
0.0000000000000000e+00,5.0632973949403652e+12,9.7339956280714810e+07,1.3530082393795445e+04,0.0000000000000000e+00,0.0000000000000000e+00,0.0000000000000000e+00,6.4833292930509268e+12,1.7664675093399021e+12,-2.3698862711249829e+04,

