1
1
10
0
(16 0
((0) (63) (0))
((64) (127) (0))
((128) (191) (0))
((192) (255) (0))
((256) (319) (0))
((320) (383) (0))
((384) (447) (0))
((448) (511) (0))
((512) (575) (0))
((576) (639) (0))
((640) (703) (0))
((704) (767) (0))
((768) (831) (0))
((832) (895) (0))
((896) (959) (0))
((960) (1023) (0))
)
16
FabOnDisk: Cell_D_00000 0
FabOnDisk: Cell_D_00000 5196
FabOnDisk: Cell_D_00000 10394
FabOnDisk: Cell_D_00000 15593
FabOnDisk: Cell_D_00000 20792
FabOnDisk: Cell_D_00000 25991
FabOnDisk: Cell_D_00000 31190
FabOnDisk: Cell_D_00000 36389
FabOnDisk: Cell_D_00000 41588
FabOnDisk: Cell_D_00000 46787
FabOnDisk: Cell_D_00000 51986
FabOnDisk: Cell_D_00000 57185
FabOnDisk: Cell_D_00000 62384
FabOnDisk: Cell_D_00000 67583
FabOnDisk: Cell_D_00000 72782
FabOnDisk: Cell_D_00000 77981

16,10
0.0000000000000000e+00,4.2566878348925781e+08,-1.9990022500768623e+08,1.2689355885049736e+00,0.0000000000000000e+00,0.0000000000000000e+00,0.0000000000000000e+00,-1.0189225662092300e+12,-2.6002583825262261e+12,-1.5288761831869415e+04,
0.0000000000000000e+00,-9.6346587709472656e+07,-4.6277021982623780e+08,-4.1462295683049888e-01,0.0000000000000000e+00,0.0000000000000000e+00,0.0000000000000000e+00,-8.7996264333703784e+11,-3.9985402829055098e+12,-2.6731933991511458e+04,
0.0000000000000000e+00,-3.4557524154199219e+08,-7.8387193879251969e+08,-1.0651688302368711e+00,0.0000000000000000e+00,0.0000000000000000e+00,0.0000000000000000e+00,-8.5508622294992993e+11,-4.5296097647474131e+12,-3.2597551104471604e+04,
0.0000000000000000e+00,-1.8487211081645508e+09,-7.7515318831713927e+08,-6.5691975322697544e+00,0.0000000000000000e+00,0.0000000000000000e+00,0.0000000000000000e+00,-1.8123023117031973e+12,-9.4447380927986738e+12,-7.0702598488641583e+04,
0.0000000000000000e+00,-8.6382003206689453e+08,-5.1172231550224006e+08,-2.8003237428347347e+00,0.0000000000000000e+00,0.0000000000000000e+00,0.0000000000000000e+00,-2.4934114242466025e+12,-5.4145538393120342e+12,-8.3050453698949146e+04,
0.0000000000000000e+00,-1.6986495789287109e+09,-3.7177126445380664e+08,-6.0906179378107481e+00,0.0000000000000000e+00,0.0000000000000000e+00,0.0000000000000000e+00,-2.8429116493884746e+12,-6.7138604790429648e+12,-5.6441151106816433e+04,
0.0000000000000000e+00,-1.7986860467890625e+09,1.9064229498847926e+08,-5.9141650608962664e+00,0.0000000000000000e+00,0.0000000000000000e+00,0.0000000000000000e+00,-1.8836504738064482e+12,-3.8422292264412549e+12,-4.7098666500603926e+04,
0.0000000000000000e+00,-1.9626007026289062e+09,7.1454715077646327e+08,-4.4411517128592095e+00,0.0000000000000000e+00,0.0000000000000000e+00,0.0000000000000000e+00,-7.1913295036077905e+11,-4.4408445879604980e+12,-5.6114699682223778e+04,
0.0000000000000000e+00,-1.6608647153100586e+09,9.9086137689034796e+08,-2.0228149921767908e+00,0.0000000000000000e+00,0.0000000000000000e+00,0.0000000000000000e+00,-2.5883661116545010e+12,-5.7736474812305781e+12,-6.0167848308490284e+04,
0.0000000000000000e+00,-1.9957258299863281e+09,9.1624140052257478e+08,-1.8787583528574032e+00,0.0000000000000000e+00,0.0000000000000000e+00,0.0000000000000000e+00,-5.6613277283994055e+11,-5.7471687228139082e+12,-7.4681437243210734e+04,
0.0000000000000000e+00,-1.6306709449912500e+11,1.4816533911759834e+09,-6.3262634502015499e+02,0.0000000000000000e+00,0.0000000000000000e+00,0.0000000000000000e+00,-1.6738765442090952e+12,-3.4664716908786309e+12,-7.2465294915320628e+04,
0.0000000000000000e+00,-3.2380896772553423e+12,2.2394785754003243e+09,-1.3345345787307266e+04,0.0000000000000000e+00,0.0000000000000000e+00,0.0000000000000000e+00,-1.0118225118290551e+13,-3.4481076614277554e+12,-7.9482861160657354e+04,
0.0000000000000000e+00,-1.3262969485366027e+13,7.1151010527386403e+08,-4.6627371684839411e+04,0.0000000000000000e+00,0.0000000000000000e+00,0.0000000000000000e+00,-3.9366752928161820e+13,-2.1883214245625137e+13,-1.7278819148092275e+05,
0.0000000000000000e+00,-1.4923789984671838e+13,1.9313030740966302e+08,-4.9582220102107080e+04,0.0000000000000000e+00,0.0000000000000000e+00,0.0000000000000000e+00,-2.3355550137697469e+13,-2.0229053577888207e+13,-1.6164190184074797e+05,
0.0000000000000000e+00,-6.7492281228279004e+12,-1.4538531846937796e+07,-2.6152588813219867e+04,0.0000000000000000e+00,0.0000000000000000e+00,0.0000000000000000e+00,-1.4913648199911674e+13,-5.8372132363956230e+12,-7.0984967091359111e+04,
0.0000000000000000e+00,-6.3287023066051013e+11,-1.5721983841004767e+06,-1.5633747610079315e+03,0.0000000000000000e+00,0.0000000000000000e+00,0.0000000000000000e+00,-2.0744888174315364e+12,-1.9203959982252682e+11,-3.2865496421880292e+04,

16,10
0.0000000000000000e+00,2.8084627287934570e+09,3.5177539572145939e+06,9.1269120066899632e+00,0.0000000000000000e+00,0.0000000000000000e+00,0.0000000000000000e+00,6.2406796062232239e+11,3.0153247470395796e+12,0.0000000000000000e+00,
0.0000000000000000e+00,2.2785086649414062e+09,-2.1002171383711040e+07,7.5363881426965236e+00,0.0000000000000000e+00,0.0000000000000000e+00,0.0000000000000000e+00,1.2304547425040054e+12,3.9417354491365801e+12,0.0000000000000000e+00,
0.0000000000000000e+00,2.4341454106020508e+09,-1.2159067262727639e+08,8.3537294513716915e+00,0.0000000000000000e+00,0.0000000000000000e+00,0.0000000000000000e+00,1.7077497173339331e+12,6.2688784415963623e+12,0.0000000000000000e+00,
0.0000000000000000e+00,1.9962842638500977e+09,3.4572277901047599e+08,6.7885569693298748e+00,0.0000000000000000e+00,0.0000000000000000e+00,0.0000000000000000e+00,3.7658692154218193e+12,7.4324452741939053e+12,0.0000000000000000e+00,
0.0000000000000000e+00,1.1472912169160156e+09,3.6517944415134156e+08,4.7115879344055429e+00,0.0000000000000000e+00,0.0000000000000000e+00,0.0000000000000000e+00,2.4156252897113135e+12,7.9576553847733682e+12,0.0000000000000000e+00,
0.0000000000000000e+00,1.3970967881997070e+09,8.5121366297617626e+08,5.2281519757834758e+00,0.0000000000000000e+00,0.0000000000000000e+00,0.0000000000000000e+00,1.7881324223267314e+12,4.1572309326303477e+12,0.0000000000000000e+00,
0.0000000000000000e+00,5.7332030002587891e+08,1.3258355864068236e+09,3.5071252523357543e+00,0.0000000000000000e+00,0.0000000000000000e+00,0.0000000000000000e+00,1.4554387523709653e+12,4.0132121849540225e+12,0.0000000000000000e+00,
0.0000000000000000e+00,1.0350457584018555e+09,1.6175989198495772e+09,7.4958237896862556e+00,0.0000000000000000e+00,0.0000000000000000e+00,0.0000000000000000e+00,2.6941368120833945e+12,5.5405566844829580e+12,-5.3540304270573094e+00,
0.0000000000000000e+00,5.0423673097412109e+08,1.9035144880983737e+09,6.1080115822460357e+00,0.0000000000000000e+00,0.0000000000000000e+00,0.0000000000000000e+00,2.8081720168457144e+12,7.2567766747518291e+12,-2.9640322878040529e+03,
0.0000000000000000e+00,1.1426252377050781e+09,2.3174347371923285e+09,1.1788229145086007e+01,0.0000000000000000e+00,0.0000000000000000e+00,0.0000000000000000e+00,2.3273170679316748e+12,4.5491367810622852e+12,-1.0258779779582785e+00,
0.0000000000000000e+00,1.8972053614251709e+11,2.5172764417970314e+09,5.4172099754057854e+02,0.0000000000000000e+00,0.0000000000000000e+00,0.0000000000000000e+00,3.4606229130291343e+12,4.2047561418383369e+12,0.0000000000000000e+00,
0.0000000000000000e+00,4.0011179444148252e+12,2.8882855702656417e+09,1.0801693525566745e+04,0.0000000000000000e+00,0.0000000000000000e+00,0.0000000000000000e+00,1.6145297411076371e+13,4.3672578366301182e+12,0.0000000000000000e+00,
0.0000000000000000e+00,1.3982397373347676e+13,2.8762323698134708e+09,4.4248885277471876e+04,0.0000000000000000e+00,0.0000000000000000e+00,0.0000000000000000e+00,2.6375277114681691e+13,1.8639391712661973e+13,-8.5984677056165783e+03,
0.0000000000000000e+00,1.4866765064999676e+13,1.7668514480995917e+09,4.9784717340395480e+04,0.0000000000000000e+00,0.0000000000000000e+00,0.0000000000000000e+00,2.9448884313859758e+13,2.1933220588484098e+13,-2.6532945289178027e+04,
0.0000000000000000e+00,7.8413118155714434e+12,3.0629360387899274e+08,2.2513529006771867e+04,0.0000000000000000e+00,0.0000000000000000e+00,0.0000000000000000e+00,1.2418664422191832e+13,4.5569141033926738e+12,-3.2126833466534365e+04,
0.0000000000000000e+00,4.6878958746560974e+11,1.8978651996401402e+06,2.1113061717211076e+03,0.0000000000000000e+00,0.0000000000000000e+00,0.0000000000000000e+00,5.8183479410767944e+11,5.4621304137046356e+10,-8.3446699687518230e+03,

