1
1
10
0
(8 0
((0) (63) (0))
((64) (127) (0))
((128) (191) (0))
((192) (255) (0))
((256) (319) (0))
((320) (383) (0))
((384) (447) (0))
((448) (511) (0))
)
8
FabOnDisk: Cell_D_00000 0
FabOnDisk: Cell_D_00000 5196
FabOnDisk: Cell_D_00000 10394
FabOnDisk: Cell_D_00000 15593
FabOnDisk: Cell_D_00000 20792
FabOnDisk: Cell_D_00000 25991
FabOnDisk: Cell_D_00000 31190
FabOnDisk: Cell_D_00000 36389

8,10
0.0000000000000000e+00,-1.2594514368710191e+13,-3.7375322085571790e+08,-4.1614004921402826e+04,0.0000000000000000e+00,0.0000000000000000e+00,0.0000000000000000e+00,-4.0868101063522578e+12,-1.4536110175496265e+12,-1.5112029768961671e+04,
0.0000000000000000e+00,-4.7537411011704189e+12,-1.3233679260701747e+09,-1.3614326339438006e+04,0.0000000000000000e+00,0.0000000000000000e+00,0.0000000000000000e+00,-7.7242689989035762e+12,-5.7993913672121543e+12,-6.9589619884665284e+04,
0.0000000000000000e+00,-9.7635892166670959e+11,1.1208053091925757e+08,-2.4128185329082198e+03,0.0000000000000000e+00,0.0000000000000000e+00,0.0000000000000000e+00,-5.8858175477078740e+12,-7.3174521291287031e+12,-4.9255666323351652e+04,
0.0000000000000000e+00,-1.2762256022353186e+13,-3.3582245541119277e+08,-4.0264252045423156e+04,0.0000000000000000e+00,0.0000000000000000e+00,0.0000000000000000e+00,-1.8363621790097895e+13,-1.1549307194286004e+13,-1.0663635649898075e+05,
0.0000000000000000e+00,-8.7117123193383232e+12,-1.2168373720731267e+08,-2.8691971117087596e+04,0.0000000000000000e+00,0.0000000000000000e+00,0.0000000000000000e+00,-1.0320330441467105e+13,-3.8745123248453901e+12,-4.9679969948115919e+04,
0.0000000000000000e+00,-2.0708369101869555e-45,0.0000000000000000e+00,-5.3615405583611895e-48,0.0000000000000000e+00,0.0000000000000000e+00,0.0000000000000000e+00,-1.3258212989778356e-36,0.0000000000000000e+00,-3.2043532680000564e+04,
0.0000000000000000e+00,-6.9061223571064136e-248,0.0000000000000000e+00,-1.1043227689576103e-249,0.0000000000000000e+00,0.0000000000000000e+00,0.0000000000000000e+00,-1.2424846340202547e-237,0.0000000000000000e+00,-3.2043532680000448e+04,
0.0000000000000000e+00,0.0000000000000000e+00,0.0000000000000000e+00,0.0000000000000000e+00,0.0000000000000000e+00,0.0000000000000000e+00,0.0000000000000000e+00,0.0000000000000000e+00,0.0000000000000000e+00,-3.2043532680000637e+04,

8,10
0.0000000000000000e+00,1.2359513789702043e+13,3.0387816088801515e+08,4.2230216655105309e+04,0.0000000000000000e+00,0.0000000000000000e+00,0.0000000000000000e+00,4.1251015174149658e+12,1.0416864928300396e+12,0.0000000000000000e+00,
0.0000000000000000e+00,4.0826799172571172e+12,2.9338159673647723e+09,1.5868363594149969e+04,0.0000000000000000e+00,0.0000000000000000e+00,0.0000000000000000e+00,5.7544010941274111e+12,1.1482208966003521e+13,0.0000000000000000e+00,
0.0000000000000000e+00,7.2556904483464380e+11,2.8791485953796721e+09,3.2668496696406914e+03,0.0000000000000000e+00,0.0000000000000000e+00,0.0000000000000000e+00,2.8355297012808584e+12,6.4941656129445176e+12,0.0000000000000000e+00,
0.0000000000000000e+00,1.2072412602743074e+13,9.2216773723792992e+09,4.2571795025971864e+04,0.0000000000000000e+00,0.0000000000000000e+00,0.0000000000000000e+00,1.1560347680359676e+13,1.2210227815140059e+13,-4.6435275480418346e+02,
0.0000000000000000e+00,8.6026815323985000e+12,1.5928438467975574e+09,2.9060954405199373e+04,0.0000000000000000e+00,0.0000000000000000e+00,0.0000000000000000e+00,6.9901214898943311e+12,3.2893393686304102e+12,-3.2043532679999764e+04,
0.0000000000000000e+00,1.6073445588098803e-39,0.0000000000000000e+00,6.9063464068152569e-54,0.0000000000000000e+00,0.0000000000000000e+00,0.0000000000000000e+00,4.6055405113136647e-41,0.0000000000000000e+00,-3.2043532679999720e+04,
0.0000000000000000e+00,3.3106683444957274e-241,0.0000000000000000e+00,2.3032564450906574e-256,0.0000000000000000e+00,0.0000000000000000e+00,0.0000000000000000e+00,7.5929255586309168e-243,0.0000000000000000e+00,-3.2043532679999720e+04,
0.0000000000000000e+00,0.0000000000000000e+00,0.0000000000000000e+00,0.0000000000000000e+00,0.0000000000000000e+00,0.0000000000000000e+00,0.0000000000000000e+00,0.0000000000000000e+00,0.0000000000000000e+00,-2.3698862711249629e+04,

