HyperCLaw-V1.1
10
Ex
Ey
Ez
Bx
By
Bz
jx
jy
jz
rho
1
0
0
-0.000112 
1.2e-05 

((0) (1023) (0)) 
0 
1.2109375000000001e-07 
0
0
0 16 0
0
-0.000112 -0.00010425
-0.00010425 -9.6500000000000001e-05
-9.6500000000000001e-05 -8.8749999999999989e-05
-8.8749999999999989e-05 -8.099999999999999e-05
-8.099999999999999e-05 -7.3249999999999992e-05
-7.3249999999999992e-05 -6.5499999999999993e-05
-6.5499999999999993e-05 -5.7749999999999994e-05
-5.7749999999999994e-05 -4.9999999999999996e-05
-4.9999999999999996e-05 -4.2249999999999997e-05
-4.2249999999999997e-05 -3.4499999999999998e-05
-3.4499999999999998e-05 -2.675e-05
-2.675e-05 -1.8999999999999987e-05
-1.8999999999999987e-05 -1.1249999999999989e-05
-1.1249999999999989e-05 -3.4999999999999902e-06
-3.4999999999999902e-06 4.2500000000000084e-06
4.2500000000000084e-06 1.2000000000000007e-05
Level_0/Cell
