HyperCLaw-V1.1
10
Ex
Ey
Ez
Bx
By
Bz
jx
jy
jz
rho
1
1.1075370348376042e-13
0
-2.2830078125000674e-05 
4.5169921874999326e-05 

((0) (2047) (0)) 
1000 
3.3203125e-08 
0
0
0 32 1.1075370348376042e-13
1000
-2.2830078125000674e-05 -2.0705078125000673e-05
-2.0705078125000673e-05 -1.8580078125000672e-05
-1.8580078125000672e-05 -1.6455078125000675e-05
-1.6455078125000675e-05 -1.4330078125000674e-05
-1.4330078125000674e-05 -1.2205078125000673e-05
-1.2205078125000673e-05 -1.0080078125000674e-05
-1.0080078125000674e-05 -7.9550781250006747e-06
-7.9550781250006747e-06 -5.8300781250006739e-06
-5.8300781250006739e-06 -3.705078125000673e-06
-3.705078125000673e-06 -1.5800781250006722e-06
-1.5800781250006722e-06 5.4492187499932524e-07
5.4492187499932524e-07 2.6699218749993261e-06
2.6699218749993261e-06 4.7949218749993269e-06
4.7949218749993269e-06 6.9199218749993243e-06
6.9199218749993243e-06 9.0449218749993286e-06
9.0449218749993286e-06 1.1169921874999326e-05
1.1169921874999326e-05 1.3294921874999323e-05
1.3294921874999323e-05 1.5419921874999328e-05
1.5419921874999328e-05 1.7544921874999325e-05
1.7544921874999325e-05 1.9669921874999329e-05
1.9669921874999329e-05 2.1794921874999327e-05
2.1794921874999327e-05 2.3919921874999324e-05
2.3919921874999324e-05 2.6044921874999328e-05
2.6044921874999328e-05 2.8169921874999326e-05
2.8169921874999326e-05 3.0294921874999323e-05
3.0294921874999323e-05 3.2419921874999328e-05
3.2419921874999328e-05 3.4544921874999325e-05
3.4544921874999325e-05 3.6669921874999322e-05
3.6669921874999322e-05 3.879492187499932e-05
3.879492187499932e-05 4.0919921874999331e-05
4.0919921874999331e-05 4.3044921874999328e-05
4.3044921874999328e-05 4.5169921874999326e-05
Level_0/Cell
