1
1
10
0
(8 0
((0) (63) (0))
((64) (127) (0))
((128) (191) (0))
((192) (255) (0))
((256) (319) (0))
((320) (383) (0))
((384) (447) (0))
((448) (511) (0))
)
8
FabOnDisk: Cell_D_00000 0
FabOnDisk: Cell_D_00000 5196
FabOnDisk: Cell_D_00000 10394
FabOnDisk: Cell_D_00000 15593
FabOnDisk: Cell_D_00000 20792
FabOnDisk: Cell_D_00000 25991
FabOnDisk: Cell_D_00000 31190
FabOnDisk: Cell_D_00000 36389

8,10
0.0000000000000000e+00,-2.4069140537580404e+09,-3.5662111174265890e+09,2.0185214172734298e+01,0.0000000000000000e+00,0.0000000000000000e+00,0.0000000000000000e+00,-4.0832772714636543e+12,-3.6550659051879570e+12,-3.5309021129916371e+04,
0.0000000000000000e+00,-3.9282843160474777e+08,-4.2085719044866738e+09,9.5622964511511555e+00,0.0000000000000000e+00,0.0000000000000000e+00,0.0000000000000000e+00,-7.4095549452506621e+12,-4.5104014948886084e+12,-4.4764371568859991e+04,
0.0000000000000000e+00,-2.0747757284470215e+09,4.5174411974039769e+08,-1.6061836009762970e+01,0.0000000000000000e+00,0.0000000000000000e+00,0.0000000000000000e+00,-5.0915766875010635e+12,-5.6376845144801963e+12,-6.3177844390251383e+04,
0.0000000000000000e+00,-5.1213228632628848e+12,7.1340218008197999e+08,-1.4259079440627764e+04,0.0000000000000000e+00,0.0000000000000000e+00,0.0000000000000000e+00,-1.1140298660212205e+13,-6.8643406319897617e+12,-7.6881263261812564e+04,
0.0000000000000000e+00,-1.3143373241794010e+13,1.5799523126441830e+08,-4.4158886853619115e+04,0.0000000000000000e+00,0.0000000000000000e+00,0.0000000000000000e+00,-1.7800022360641859e+13,-1.1913130202643018e+13,-8.8790795256519166e+04,
0.0000000000000000e+00,-1.1785348909553236e+13,-4.1462076885743833e+08,-3.9271850448862482e+04,0.0000000000000000e+00,0.0000000000000000e+00,0.0000000000000000e+00,-1.9367615922700324e+13,-7.6411598736075322e+12,-9.7687532682642355e+04,
0.0000000000000000e+00,-1.0180463238279502e+13,-3.7198818034729585e+07,-3.6095578023832277e+04,0.0000000000000000e+00,0.0000000000000000e+00,0.0000000000000000e+00,-1.0494912343543516e+13,-8.0594549406926611e+12,-5.0609328717372744e+04,
0.0000000000000000e+00,-1.1212562335764733e+00,0.0000000000000000e+00,-5.5656942421345531e-07,0.0000000000000000e+00,0.0000000000000000e+00,0.0000000000000000e+00,-2.9375047332430654e+03,0.0000000000000000e+00,-3.2043532680000761e+04,

8,10
0.0000000000000000e+00,3.8395526213451567e+09,5.2364071746614122e+09,4.4444891714151467e+01,0.0000000000000000e+00,0.0000000000000000e+00,0.0000000000000000e+00,4.5587678091883340e+12,3.3713422565580742e+12,0.0000000000000000e+00,
0.0000000000000000e+00,4.4581159668915024e+09,2.9471857762069383e+09,3.0971371941193041e+01,0.0000000000000000e+00,0.0000000000000000e+00,0.0000000000000000e+00,3.3972026275767930e+12,5.6461142131492080e+12,0.0000000000000000e+00,
0.0000000000000000e+00,3.8673434883949280e+09,5.6815329058178463e+09,2.9942391370953317e+01,0.0000000000000000e+00,0.0000000000000000e+00,0.0000000000000000e+00,7.1376536246879102e+12,6.2433833746232510e+12,0.0000000000000000e+00,
0.0000000000000000e+00,4.2743141294173213e+12,1.0930460818969261e+10,1.7084603014410619e+04,0.0000000000000000e+00,0.0000000000000000e+00,0.0000000000000000e+00,7.2276647402233867e+12,7.0572239682454189e+12,-2.7331555911263507e+02,
0.0000000000000000e+00,1.3236527298447307e+13,1.0794187440361023e+10,4.3827887364462229e+04,0.0000000000000000e+00,0.0000000000000000e+00,0.0000000000000000e+00,1.5624837559563367e+13,1.1268664146150826e+13,-6.2872023540580699e+02,
0.0000000000000000e+00,1.1775165300698688e+13,6.9715873062109976e+09,3.9316667974416123e+04,0.0000000000000000e+00,0.0000000000000000e+00,0.0000000000000000e+00,1.2934376425022670e+13,7.9804102654407520e+12,-8.5836200753867601e+01,
0.0000000000000000e+00,1.0821833847666213e+13,2.6570946653573346e+09,3.3958093304975169e+04,0.0000000000000000e+00,0.0000000000000000e+00,0.0000000000000000e+00,9.4874038985494727e+12,5.8139733981401338e+12,-2.7554774175576596e+04,
0.0000000000000000e+00,1.6685496737929708e+02,0.0000000000000000e+00,3.7400669283875686e-09,0.0000000000000000e+00,0.0000000000000000e+00,0.0000000000000000e+00,3.6060997814118605e+00,0.0000000000000000e+00,-2.3698862711249374e+04,

