HyperCLaw-V1.1
10
Ex
Ey
Ez
Bx
By
Bz
jx
jy
jz
rho
1
2.2150740696752236e-14
0
-4.9392578125000134e-05 
1.8607421874999866e-05 

((0) (2047) (0)) 
200 
3.3203125e-08 
0
0
0 32 2.2150740696752236e-14
200
-4.9392578125000134e-05 -4.7267578125000136e-05
-4.7267578125000136e-05 -4.5142578125000132e-05
-4.5142578125000132e-05 -4.3017578125000134e-05
-4.3017578125000134e-05 -4.089257812500013e-05
-4.089257812500013e-05 -3.8767578125000133e-05
-3.8767578125000133e-05 -3.6642578125000135e-05
-3.6642578125000135e-05 -3.4517578125000138e-05
-3.4517578125000138e-05 -3.2392578125000134e-05
-3.2392578125000134e-05 -3.0267578125000133e-05
-3.0267578125000133e-05 -2.8142578125000132e-05
-2.8142578125000132e-05 -2.6017578125000135e-05
-2.6017578125000135e-05 -2.3892578125000134e-05
-2.3892578125000134e-05 -2.1767578125000133e-05
-2.1767578125000133e-05 -1.9642578125000135e-05
-1.9642578125000135e-05 -1.7517578125000131e-05
-1.7517578125000131e-05 -1.5392578125000134e-05
-1.5392578125000134e-05 -1.3267578125000136e-05
-1.3267578125000136e-05 -1.1142578125000132e-05
-1.1142578125000132e-05 -9.0175781250001347e-06
-9.0175781250001347e-06 -6.8925781250001305e-06
-6.8925781250001305e-06 -4.767578125000133e-06
-4.767578125000133e-06 -2.6425781250001356e-06
-2.6425781250001356e-06 -5.1757812500013138e-07
-5.1757812500013138e-07 1.6074218749998661e-06
1.6074218749998661e-06 3.7324218749998635e-06
3.7324218749998635e-06 5.8574218749998677e-06
5.8574218749998677e-06 7.9824218749998652e-06
7.9824218749998652e-06 1.0107421874999863e-05
1.0107421874999863e-05 1.223242187499986e-05
1.223242187499986e-05 1.4357421874999871e-05
1.4357421874999871e-05 1.6482421874999868e-05
1.6482421874999868e-05 1.8607421874999866e-05
Level_0/Cell
