1
1
10
0
(8 0
((0) (63) (0))
((64) (127) (0))
((128) (191) (0))
((192) (255) (0))
((256) (319) (0))
((320) (383) (0))
((384) (447) (0))
((448) (511) (0))
)
8
FabOnDisk: Cell_D_00000 0
FabOnDisk: Cell_D_00000 5196
FabOnDisk: Cell_D_00000 10394
FabOnDisk: Cell_D_00000 15593
FabOnDisk: Cell_D_00000 20792
FabOnDisk: Cell_D_00000 25991
FabOnDisk: Cell_D_00000 31190
FabOnDisk: Cell_D_00000 36389

8,10
0.0000000000000000e+00,-2.0010376406754622e+09,-2.5520759400162115e+09,9.2167845768036507e+00,0.0000000000000000e+00,0.0000000000000000e+00,0.0000000000000000e+00,-3.1584893573031602e+12,-3.3938097806677007e+12,-2.7223626296590472e+04,
0.0000000000000000e+00,-1.5448991359031827e+09,-5.6675016033529396e+09,1.5547960208624869e+00,0.0000000000000000e+00,0.0000000000000000e+00,0.0000000000000000e+00,-4.2802855016255762e+12,-6.9056662831953213e+12,-3.8545657996934751e+04,
0.0000000000000000e+00,-1.2737925909283433e+12,-1.8057848418241036e+09,-4.5741912687869353e+03,0.0000000000000000e+00,0.0000000000000000e+00,0.0000000000000000e+00,-5.9984873074673047e+12,-5.8171225834323809e+12,-5.7018308101571012e+04,
0.0000000000000000e+00,-1.2631825153507711e+13,-5.8351700335532010e+07,-4.1392654121905565e+04,0.0000000000000000e+00,0.0000000000000000e+00,0.0000000000000000e+00,-1.2607979557205936e+13,-1.1451361944033238e+13,-7.7816367407601589e+04,
0.0000000000000000e+00,-6.4797051598143281e+12,4.2802055358590609e+08,-2.5653166078087699e+04,0.0000000000000000e+00,0.0000000000000000e+00,0.0000000000000000e+00,-6.3936597542841650e+12,-5.0706673953350303e+12,-6.4704834493797462e+04,
0.0000000000000000e+00,-2.7766296456479889e+11,-5.8818122996488452e+07,-1.2434332825417416e+03,0.0000000000000000e+00,0.0000000000000000e+00,0.0000000000000000e+00,-6.1449329525643418e+12,-6.1885063995949961e+12,-6.6422107248881701e+04,
0.0000000000000000e+00,-1.2760606866452104e+13,-9.7309856629897809e+08,-4.0315413444186343e+04,0.0000000000000000e+00,0.0000000000000000e+00,0.0000000000000000e+00,-2.2898992724436832e+13,-1.5513493778524943e+13,-1.1865255802782398e+05,
0.0000000000000000e+00,-1.1192827704408496e+13,-1.2162729955975151e+08,-3.8653751039752278e+04,0.0000000000000000e+00,0.0000000000000000e+00,0.0000000000000000e+00,-1.0418240738253525e+13,-6.8286123387198408e+12,-5.3122327357430710e+04,

8,10
0.0000000000000000e+00,3.7913970897877622e+09,2.1299660578019824e+09,3.2799153450197061e+01,0.0000000000000000e+00,0.0000000000000000e+00,0.0000000000000000e+00,3.3365763416808887e+12,4.1400748280480898e+12,0.0000000000000000e+00,
0.0000000000000000e+00,4.1500804192795858e+09,5.6111116111636524e+09,1.3689398325437702e+01,0.0000000000000000e+00,0.0000000000000000e+00,0.0000000000000000e+00,3.5031819215343730e+12,3.9089496985048760e+12,0.0000000000000000e+00,
0.0000000000000000e+00,1.3641449187628174e+12,3.9358411065066366e+09,4.2421459361050729e+03,0.0000000000000000e+00,0.0000000000000000e+00,0.0000000000000000e+00,4.1014759806484419e+12,5.7144755379707227e+12,0.0000000000000000e+00,
0.0000000000000000e+00,1.2409462251315625e+13,6.9605291586266346e+09,4.2125290534328502e+04,0.0000000000000000e+00,0.0000000000000000e+00,0.0000000000000000e+00,1.9122554397306371e+13,9.8470958851686211e+12,-1.0262822639338216e+02,
0.0000000000000000e+00,7.6892992985531133e+12,7.0917074574014606e+09,2.1610992887311957e+04,0.0000000000000000e+00,0.0000000000000000e+00,0.0000000000000000e+00,7.3376698414774688e+12,5.7916020423204512e+12,-1.5215434817585742e+02,
0.0000000000000000e+00,3.6979926247530286e+11,7.3967792313532495e+09,9.3256357682692931e+02,0.0000000000000000e+00,0.0000000000000000e+00,0.0000000000000000e+00,6.7747216969367266e+12,5.5418186319275312e+12,0.0000000000000000e+00,
0.0000000000000000e+00,1.2087334490641145e+13,1.0373678166874931e+10,4.2564591571071513e+04,0.0000000000000000e+00,0.0000000000000000e+00,0.0000000000000000e+00,2.5188831033232250e+13,1.1338441510821908e+13,-2.1169324180024892e+03,
0.0000000000000000e+00,1.1589365746867602e+13,2.7375714420332904e+09,3.7336710256571998e+04,0.0000000000000000e+00,0.0000000000000000e+00,0.0000000000000000e+00,9.3171800219267012e+12,4.1782057947813140e+12,-2.3698862711249629e+04,

