HyperCLaw-V1.1
10
Ex
Ey
Ez
Bx
By
Bz
jx
jy
jz
rho
1
0
0
-5.5999999999999999e-05 
1.2e-05 

((0) (1023) (0)) 
0 
6.6406249999999999e-08 
0
0
0 16 0
0
-5.5999999999999999e-05 -5.1749999999999997e-05
-5.1749999999999997e-05 -4.7500000000000003e-05
-4.7500000000000003e-05 -4.3250000000000001e-05
-4.3250000000000001e-05 -3.8999999999999999e-05
-3.8999999999999999e-05 -3.4749999999999998e-05
-3.4749999999999998e-05 -3.0499999999999999e-05
-3.0499999999999999e-05 -2.6250000000000001e-05
-2.6250000000000001e-05 -2.1999999999999999e-05
-2.1999999999999999e-05 -1.7749999999999998e-05
-1.7749999999999998e-05 -1.3499999999999996e-05
-1.3499999999999996e-05 -9.2500000000000012e-06
-9.2500000000000012e-06 -4.9999999999999996e-06
-4.9999999999999996e-06 -7.499999999999979e-07
-7.499999999999979e-07 3.499999999999997e-06
3.499999999999997e-06 7.7500000000000054e-06
7.7500000000000054e-06 1.2e-05
Level_0/Cell
