1
1
10
0
(8 0
((0) (63) (0))
((64) (127) (0))
((128) (191) (0))
((192) (255) (0))
((256) (319) (0))
((320) (383) (0))
((384) (447) (0))
((448) (511) (0))
)
8
FabOnDisk: Cell_D_00000 0
FabOnDisk: Cell_D_00000 5196
FabOnDisk: Cell_D_00000 10394
FabOnDisk: Cell_D_00000 15593
FabOnDisk: Cell_D_00000 20792
FabOnDisk: Cell_D_00000 25991
FabOnDisk: Cell_D_00000 31190
FabOnDisk: Cell_D_00000 36389

8,10
0.0000000000000000e+00,-9.6501954112981953e+12,-1.9813346628332233e+10,-6.0676331209430318e+04,0.0000000000000000e+00,0.0000000000000000e+00,0.0000000000000000e+00,-7.1751057403248135e+12,-1.3723690421527863e+13,-9.7868494790459721e+04,
0.0000000000000000e+00,-9.5004880519681335e+11,-3.5728122806710907e+10,-2.4461164655051239e+03,0.0000000000000000e+00,0.0000000000000000e+00,0.0000000000000000e+00,-5.9031693849280840e+12,-6.4312231825812070e+12,-5.5848476970923999e+04,
0.0000000000000000e+00,-1.2386742566712400e+13,-3.7546895975466621e+10,-4.1320189206523472e+04,0.0000000000000000e+00,0.0000000000000000e+00,0.0000000000000000e+00,-6.7508734522723828e+12,-6.6808664578260020e+12,-4.9514313166488195e+04,
0.0000000000000000e+00,-1.1882242233970291e+13,-2.9313495347604893e+10,-3.9635494291287992e+04,0.0000000000000000e+00,0.0000000000000000e+00,0.0000000000000000e+00,-8.6896814984642285e+12,-9.1046174950147676e+12,-7.3068394301200577e+04,
0.0000000000000000e+00,-5.7990138010890808e+10,-2.2337252207446152e+10,-1.9966297281751886e+02,0.0000000000000000e+00,0.0000000000000000e+00,0.0000000000000000e+00,-6.5731836919441680e+12,-8.2470650299284814e+12,-4.5541372573427550e+04,
0.0000000000000000e+00,-3.2299471816125407e+09,-9.6044170470396156e+09,-2.5308995572854434e+00,0.0000000000000000e+00,0.0000000000000000e+00,0.0000000000000000e+00,-6.6885003235287695e+12,-5.4364298251304834e+12,-4.4118975686322781e+04,
0.0000000000000000e+00,-1.2010683077539418e+09,1.3855022032557696e+08,-6.6341715573846542e+00,0.0000000000000000e+00,0.0000000000000000e+00,0.0000000000000000e+00,-5.4410430029725098e+12,-4.4056221843091846e+12,-5.7185406617793240e+04,
0.0000000000000000e+00,-3.0885434226427622e+09,8.8637105371167028e+08,-9.9999840353287226e+00,0.0000000000000000e+00,0.0000000000000000e+00,0.0000000000000000e+00,-4.2717961875334146e+12,-3.5036475300924917e+12,-3.0885787994864237e+04,

8,10
0.0000000000000000e+00,9.4119257614051953e+12,1.7948452842339611e+10,6.2317454777269551e+04,0.0000000000000000e+00,0.0000000000000000e+00,0.0000000000000000e+00,1.4017397174923457e+13,1.7832586699277750e+13,0.0000000000000000e+00,
0.0000000000000000e+00,7.2170013459386035e+11,2.6066644858178474e+10,3.2350431007264115e+03,0.0000000000000000e+00,0.0000000000000000e+00,0.0000000000000000e+00,6.5346816733269082e+12,6.0528194902477354e+12,0.0000000000000000e+00,
0.0000000000000000e+00,1.2632190767559287e+13,2.3689528807672947e+10,4.2131734434191720e+04,0.0000000000000000e+00,0.0000000000000000e+00,0.0000000000000000e+00,5.6658751808946602e+12,5.9373418409201064e+12,0.0000000000000000e+00,
0.0000000000000000e+00,1.1882626887434230e+13,2.6968154692711079e+10,3.9629907076830648e+04,0.0000000000000000e+00,0.0000000000000000e+00,0.0000000000000000e+00,1.0217088409695113e+13,1.1638673008806986e+13,0.0000000000000000e+00,
0.0000000000000000e+00,9.2977816278732300e+10,2.3649286556939873e+10,3.0773486863625220e+02,0.0000000000000000e+00,0.0000000000000000e+00,0.0000000000000000e+00,4.6704096929516738e+12,7.2058229473685898e+12,0.0000000000000000e+00,
0.0000000000000000e+00,4.9067488266767464e+09,1.7782036868023170e+10,2.3681626757355858e+01,0.0000000000000000e+00,0.0000000000000000e+00,0.0000000000000000e+00,4.7117946671533574e+12,6.1372738717600898e+12,0.0000000000000000e+00,
0.0000000000000000e+00,7.7080144345347090e+09,1.4733260456395626e+10,2.8198556735891465e+01,0.0000000000000000e+00,0.0000000000000000e+00,0.0000000000000000e+00,4.7585566236188105e+12,5.3145159576077578e+12,0.0000000000000000e+00,
0.0000000000000000e+00,7.8975684871061935e+09,2.0000183330225956e+10,1.9934126442882157e+01,0.0000000000000000e+00,0.0000000000000000e+00,0.0000000000000000e+00,4.1637042804717627e+12,3.2073825079940005e+12,0.0000000000000000e+00,

