HyperCLaw-V1.1
10
Ex
Ey
Ez
Bx
By
Bz
jx
jy
jz
rho
1
8.078505430580257e-14
0
-8.7902343750000171e-05 
3.6097656249999875e-05 

((0) (1023) (0)) 
200 
1.2109375000000003e-07 
0
0
0 16 8.078505430580257e-14
200
-8.7902343750000171e-05 -8.0152343750000172e-05
-8.0152343750000172e-05 -7.2402343750000174e-05
-7.2402343750000174e-05 -6.4652343750000162e-05
-6.4652343750000162e-05 -5.6902343750000163e-05
-5.6902343750000163e-05 -4.9152343750000164e-05
-4.9152343750000164e-05 -4.1402343750000159e-05
-4.1402343750000159e-05 -3.3652343750000153e-05
-3.3652343750000153e-05 -2.5902343750000155e-05
-2.5902343750000155e-05 -1.8152343750000156e-05
-1.8152343750000156e-05 -1.0402343750000158e-05
-1.0402343750000158e-05 -2.6523437500001454e-06
-2.6523437500001454e-06 5.0976562499998533e-06
5.0976562499998533e-06 1.2847656249999852e-05
1.2847656249999852e-05 2.0597656249999864e-05
2.0597656249999864e-05 2.8347656249999863e-05
2.8347656249999863e-05 3.6097656249999861e-05
Level_0/Cell
