1
1
10
0
(16 0
((0) (63) (0))
((64) (127) (0))
((128) (191) (0))
((192) (255) (0))
((256) (319) (0))
((320) (383) (0))
((384) (447) (0))
((448) (511) (0))
((512) (575) (0))
((576) (639) (0))
((640) (703) (0))
((704) (767) (0))
((768) (831) (0))
((832) (895) (0))
((896) (959) (0))
((960) (1023) (0))
)
16
FabOnDisk: Cell_D_00000 0
FabOnDisk: Cell_D_00000 5196
FabOnDisk: Cell_D_00000 10394
FabOnDisk: Cell_D_00000 15593
FabOnDisk: Cell_D_00000 20792
FabOnDisk: Cell_D_00000 25991
FabOnDisk: Cell_D_00000 31190
FabOnDisk: Cell_D_00000 36389
FabOnDisk: Cell_D_00000 41588
FabOnDisk: Cell_D_00000 46787
FabOnDisk: Cell_D_00000 51986
FabOnDisk: Cell_D_00000 57185
FabOnDisk: Cell_D_00000 62384
FabOnDisk: Cell_D_00000 67583
FabOnDisk: Cell_D_00000 72782
FabOnDisk: Cell_D_00000 77981

16,10
0.0000000000000000e+00,-3.1244187908695527e+12,0.0000000000000000e+00,-1.0421939269965042e+04,0.0000000000000000e+00,0.0000000000000000e+00,0.0000000000000000e+00,0.0000000000000000e+00,0.0000000000000000e+00,0.0000000000000000e+00,
0.0000000000000000e+00,-7.0947349784383789e+10,0.0000000000000000e+00,-2.3665488537532110e+02,0.0000000000000000e+00,0.0000000000000000e+00,0.0000000000000000e+00,0.0000000000000000e+00,0.0000000000000000e+00,0.0000000000000000e+00,
0.0000000000000000e+00,8.0327700991015625e+08,0.0000000000000000e+00,2.6794436900727305e+00,0.0000000000000000e+00,0.0000000000000000e+00,0.0000000000000000e+00,0.0000000000000000e+00,0.0000000000000000e+00,0.0000000000000000e+00,
0.0000000000000000e+00,1.0334066014423828e+09,0.0000000000000000e+00,3.4470733798607398e+00,0.0000000000000000e+00,0.0000000000000000e+00,0.0000000000000000e+00,0.0000000000000000e+00,0.0000000000000000e+00,0.0000000000000000e+00,
0.0000000000000000e+00,4.4325175866503906e+08,0.0000000000000000e+00,1.4785287183367473e+00,0.0000000000000000e+00,0.0000000000000000e+00,0.0000000000000000e+00,0.0000000000000000e+00,0.0000000000000000e+00,0.0000000000000000e+00,
0.0000000000000000e+00,2.3974492233398438e+07,-3.3794149383062136e+08,-6.4507274712013896e-02,0.0000000000000000e+00,0.0000000000000000e+00,0.0000000000000000e+00,-1.4713194516560327e+12,-3.1659450136333281e+12,-2.8982464653917381e+04,
0.0000000000000000e+00,4.1791095108398438e+08,-2.4092272994952244e+08,1.3255470691983646e+00,0.0000000000000000e+00,0.0000000000000000e+00,0.0000000000000000e+00,-1.5560969334595571e+12,-3.6831622218995454e+12,-2.9760040363650623e+04,
0.0000000000000000e+00,3.0993639195019531e+08,7.4563370319127560e+08,5.3173304783376807e-01,0.0000000000000000e+00,0.0000000000000000e+00,0.0000000000000000e+00,-2.4744721764197754e+12,-8.6913284217552334e+12,-4.6264725759971458e+04,
0.0000000000000000e+00,5.2497480839843750e+07,7.4838029493163824e+08,-9.0643613382781041e-01,0.0000000000000000e+00,0.0000000000000000e+00,0.0000000000000000e+00,-1.5666966284005034e+12,-6.0007935560111387e+12,-6.3552323216089164e+04,
0.0000000000000000e+00,-1.1050774694248047e+09,1.0953130433464301e+09,-6.9693085236467596e+00,0.0000000000000000e+00,0.0000000000000000e+00,0.0000000000000000e+00,-1.7143266047233630e+12,-5.3951182148934531e+12,-6.2529539633100663e+04,
0.0000000000000000e+00,-1.6104160765420801e+11,1.5956758782242625e+09,-3.6493845874025646e+02,0.0000000000000000e+00,0.0000000000000000e+00,0.0000000000000000e+00,-7.4376003285063843e+11,-4.5260680912036777e+12,-7.3527126652076564e+04,
0.0000000000000000e+00,-3.2343888875433604e+12,1.9968412022936215e+09,-1.3340434462042787e+04,0.0000000000000000e+00,0.0000000000000000e+00,0.0000000000000000e+00,-6.3994531977518926e+12,-3.9656080675595464e+12,-7.3963982085969808e+04,
0.0000000000000000e+00,-1.3266990971111133e+13,1.2935717253104832e+09,-4.6676788315356818e+04,0.0000000000000000e+00,0.0000000000000000e+00,0.0000000000000000e+00,-2.4128735283709375e+13,-1.9331948851831703e+13,-1.3216667313627692e+05,
0.0000000000000000e+00,-1.4942449286079988e+13,2.1351975695747900e+08,-4.9610733966895263e+04,0.0000000000000000e+00,0.0000000000000000e+00,0.0000000000000000e+00,-2.4529297126993496e+13,-2.1106303108463285e+13,-1.5300329679914381e+05,
0.0000000000000000e+00,-6.7453407177551719e+12,-1.4875582044584762e+07,-2.6129048658111744e+04,0.0000000000000000e+00,0.0000000000000000e+00,0.0000000000000000e+00,-1.5061175968190438e+13,-5.9261113824257998e+12,-7.1677494700705065e+04,
0.0000000000000000e+00,-6.3454578403343567e+11,-1.5973282643052754e+06,-1.5589591482704795e+03,0.0000000000000000e+00,0.0000000000000000e+00,0.0000000000000000e+00,-2.1685751348543081e+12,-1.5564008137059656e+11,-3.2893372085640498e+04,

16,10
0.0000000000000000e+00,2.5028548977711587e+12,0.0000000000000000e+00,8.3486252938730195e+03,0.0000000000000000e+00,0.0000000000000000e+00,0.0000000000000000e+00,0.0000000000000000e+00,0.0000000000000000e+00,0.0000000000000000e+00,
0.0000000000000000e+00,1.0838690076994092e+11,0.0000000000000000e+00,3.6153978486659980e+02,0.0000000000000000e+00,0.0000000000000000e+00,0.0000000000000000e+00,0.0000000000000000e+00,0.0000000000000000e+00,0.0000000000000000e+00,
0.0000000000000000e+00,2.1429672527006836e+09,0.0000000000000000e+00,7.1481693268942763e+00,0.0000000000000000e+00,0.0000000000000000e+00,0.0000000000000000e+00,0.0000000000000000e+00,0.0000000000000000e+00,0.0000000000000000e+00,
0.0000000000000000e+00,2.1199830509296875e+09,0.0000000000000000e+00,7.0715022822314495e+00,0.0000000000000000e+00,0.0000000000000000e+00,0.0000000000000000e+00,0.0000000000000000e+00,0.0000000000000000e+00,0.0000000000000000e+00,
0.0000000000000000e+00,2.6046126502563477e+09,0.0000000000000000e+00,8.6880526202421606e+00,0.0000000000000000e+00,0.0000000000000000e+00,0.0000000000000000e+00,0.0000000000000000e+00,0.0000000000000000e+00,0.0000000000000000e+00,
0.0000000000000000e+00,2.6126067921606445e+09,5.1819182767234497e+07,8.5722949651662930e+00,0.0000000000000000e+00,0.0000000000000000e+00,0.0000000000000000e+00,1.0289361731582476e+12,3.1862777820774727e+12,0.0000000000000000e+00,
0.0000000000000000e+00,2.8239963587226562e+09,1.3102244761500969e+09,9.3172665374659118e+00,0.0000000000000000e+00,0.0000000000000000e+00,0.0000000000000000e+00,1.0387198445121387e+12,3.0859076201748691e+12,0.0000000000000000e+00,
0.0000000000000000e+00,2.2814191745346680e+09,1.5022119214151444e+09,7.1452010308803438e+00,0.0000000000000000e+00,0.0000000000000000e+00,0.0000000000000000e+00,1.9192175418592061e+12,5.8323210934822285e+12,0.0000000000000000e+00,
0.0000000000000000e+00,2.6202952835605469e+09,1.5910258869898150e+09,7.7420311189544009e+00,0.0000000000000000e+00,0.0000000000000000e+00,0.0000000000000000e+00,1.7844233931231899e+12,5.3696664968708369e+12,0.0000000000000000e+00,
0.0000000000000000e+00,2.1208819797934570e+09,2.1233858696253633e+09,1.1163741629212382e+01,0.0000000000000000e+00,0.0000000000000000e+00,0.0000000000000000e+00,2.1145049601438765e+12,3.5189612007842104e+12,0.0000000000000000e+00,
0.0000000000000000e+00,1.1011262094916699e+11,2.6480056297055025e+09,5.4037413831236881e+02,0.0000000000000000e+00,0.0000000000000000e+00,0.0000000000000000e+00,3.4713131217467832e+12,5.1333839685833984e+12,0.0000000000000000e+00,
0.0000000000000000e+00,4.0043578021409155e+12,2.9113821005739679e+09,1.0801314149832819e+04,0.0000000000000000e+00,0.0000000000000000e+00,0.0000000000000000e+00,8.2818424358057178e+12,4.6317089979365771e+12,0.0000000000000000e+00,
0.0000000000000000e+00,1.3994536084585592e+13,2.7949090332663255e+09,4.4258883456466749e+04,0.0000000000000000e+00,0.0000000000000000e+00,0.0000000000000000e+00,2.8785936461792258e+13,1.3990156688354738e+13,-1.8638001831376744e+03,
0.0000000000000000e+00,1.4874083144710346e+13,1.8852520907024891e+09,4.9847278023505423e+04,0.0000000000000000e+00,0.0000000000000000e+00,0.0000000000000000e+00,3.2232557845401594e+13,1.6088812861313969e+13,-9.7939749122733406e+02,
0.0000000000000000e+00,7.8343168472248945e+12,3.2281430938222480e+08,2.2500736416771935e+04,0.0000000000000000e+00,0.0000000000000000e+00,0.0000000000000000e+00,1.2298024682819082e+13,4.5622396385920488e+12,-3.2121537587837898e+04,
0.0000000000000000e+00,4.6746691244369507e+11,1.9959799826144734e+06,2.1169047034542846e+03,0.0000000000000000e+00,0.0000000000000000e+00,0.0000000000000000e+00,5.5932677049785950e+11,5.5580990532775726e+10,-8.3446699687510500e+03,

