HyperCLaw-V1.1
10
Ex
Ey
Ez
Bx
By
Bz
jx
jy
jz
rho
1
2.2150740696752084e-13
0
1.040624999999915e-05 
7.8406249999998738e-05 

((0) (1023) (0)) 
1000 
6.6406249999999602e-08 
0
0
0 16 2.2150740696752084e-13
1000
1.040624999999915e-05 1.4656249999999125e-05
1.4656249999999125e-05 1.8906249999999101e-05
1.8906249999999101e-05 2.3156249999999075e-05
2.3156249999999075e-05 2.740624999999905e-05
2.740624999999905e-05 3.1656249999999025e-05
3.1656249999999025e-05 3.5906249999998999e-05
3.5906249999998999e-05 4.0156249999998974e-05
4.0156249999998974e-05 4.4406249999998948e-05
4.4406249999998948e-05 4.8656249999998923e-05
4.8656249999998923e-05 5.2906249999998897e-05
5.2906249999998897e-05 5.7156249999998872e-05
5.7156249999998872e-05 6.140624999999884e-05
6.140624999999884e-05 6.5656249999998821e-05
6.5656249999998821e-05 6.9906249999998789e-05
6.9906249999998789e-05 7.415624999999877e-05
7.415624999999877e-05 7.8406249999998738e-05
Level_0/Cell
