1
1
10
0
(8 0
((0) (63) (0))
((64) (127) (0))
((128) (191) (0))
((192) (255) (0))
((256) (319) (0))
((320) (383) (0))
((384) (447) (0))
((448) (511) (0))
)
8
FabOnDisk: Cell_D_00000 0
FabOnDisk: Cell_D_00000 5196
FabOnDisk: Cell_D_00000 10394
FabOnDisk: Cell_D_00000 15593
FabOnDisk: Cell_D_00000 20792
FabOnDisk: Cell_D_00000 25991
FabOnDisk: Cell_D_00000 31190
FabOnDisk: Cell_D_00000 36389

8,10
0.0000000000000000e+00,-7.0208814257621797e+12,-2.8898073148030508e+08,-2.6774750829933808e+04,0.0000000000000000e+00,0.0000000000000000e+00,0.0000000000000000e+00,-8.3662047728883867e+12,-3.8993783439782959e+12,-6.0492768251058696e+04,
0.0000000000000000e+00,-1.3146495200911465e+13,-2.8220476468158996e+08,-4.4153607837926917e+04,0.0000000000000000e+00,0.0000000000000000e+00,0.0000000000000000e+00,-1.9350133590555719e+13,-1.0665974040771451e+13,-8.2620406199143734e+04,
0.0000000000000000e+00,-1.1817437327575504e+13,-8.1673604463398504e+08,-3.9353254247926481e+04,0.0000000000000000e+00,0.0000000000000000e+00,0.0000000000000000e+00,-2.4835804046699012e+13,-1.4253050579135301e+13,-1.4851765091190801e+05,
0.0000000000000000e+00,-8.7722843818679697e+12,-3.9731554509993866e+07,-3.1789081436838256e+04,0.0000000000000000e+00,0.0000000000000000e+00,0.0000000000000000e+00,-1.0543978599040070e+13,-5.4507850139109023e+12,-5.2288202528966925e+04,
0.0000000000000000e+00,-1.3222515832817668e-23,0.0000000000000000e+00,-3.6852440241891950e-29,0.0000000000000000e+00,0.0000000000000000e+00,0.0000000000000000e+00,-5.3224957327943606e-18,0.0000000000000000e+00,-3.2043532680000215e+04,
0.0000000000000000e+00,-8.0705014997653345e-226,0.0000000000000000e+00,-4.6392558139584451e-231,0.0000000000000000e+00,0.0000000000000000e+00,0.0000000000000000e+00,-5.1198067414293567e-219,0.0000000000000000e+00,-3.2043532680000168e+04,
0.0000000000000000e+00,0.0000000000000000e+00,0.0000000000000000e+00,0.0000000000000000e+00,0.0000000000000000e+00,0.0000000000000000e+00,0.0000000000000000e+00,0.0000000000000000e+00,0.0000000000000000e+00,-3.2043532680000706e+04,
0.0000000000000000e+00,0.0000000000000000e+00,0.0000000000000000e+00,0.0000000000000000e+00,0.0000000000000000e+00,0.0000000000000000e+00,0.0000000000000000e+00,0.0000000000000000e+00,0.0000000000000000e+00,-3.2043532680000673e+04,

8,10
0.0000000000000000e+00,8.0335371932928984e+12,1.8545644230367901e+09,2.3444923986243317e+04,0.0000000000000000e+00,0.0000000000000000e+00,0.0000000000000000e+00,1.9339941627253770e+12,5.6746622335974834e+12,0.0000000000000000e+00,
0.0000000000000000e+00,1.3240801964283223e+13,3.8701037255618548e+09,4.3876803686559608e+04,0.0000000000000000e+00,0.0000000000000000e+00,0.0000000000000000e+00,7.9301108614343691e+12,1.1984921996598883e+13,-1.4729677842696096e+03,
0.0000000000000000e+00,1.1799031615202891e+13,5.9576034457742872e+09,3.9423076073382828e+04,0.0000000000000000e+00,0.0000000000000000e+00,0.0000000000000000e+00,1.1899034996244506e+13,1.3894351155156254e+13,-2.4036196491106642e+02,
0.0000000000000000e+00,9.5309189433125723e+12,2.5164180596112423e+09,2.9262108845591858e+04,0.0000000000000000e+00,0.0000000000000000e+00,0.0000000000000000e+00,9.0508660403799199e+12,4.3582798972875215e+12,-3.2043532679999757e+04,
0.0000000000000000e+00,1.1048057546218584e-20,0.0000000000000000e+00,4.4101888786677362e-32,0.0000000000000000e+00,0.0000000000000000e+00,0.0000000000000000e+00,2.7182112871197345e-22,0.0000000000000000e+00,-3.2043532679999822e+04,
0.0000000000000000e+00,1.3908111220881368e-222,0.0000000000000000e+00,2.6916325509063808e-234,0.0000000000000000e+00,0.0000000000000000e+00,0.0000000000000000e+00,2.8987524719189662e-224,0.0000000000000000e+00,-3.2043532679999815e+04,
0.0000000000000000e+00,0.0000000000000000e+00,0.0000000000000000e+00,0.0000000000000000e+00,0.0000000000000000e+00,0.0000000000000000e+00,0.0000000000000000e+00,0.0000000000000000e+00,0.0000000000000000e+00,-3.2043532679999837e+04,
0.0000000000000000e+00,0.0000000000000000e+00,0.0000000000000000e+00,0.0000000000000000e+00,0.0000000000000000e+00,0.0000000000000000e+00,0.0000000000000000e+00,0.0000000000000000e+00,0.0000000000000000e+00,-2.3698862711249374e+04,

