1
1
10
0
(16 0
((0) (63) (0))
((64) (127) (0))
((128) (191) (0))
((192) (255) (0))
((256) (319) (0))
((320) (383) (0))
((384) (447) (0))
((448) (511) (0))
((512) (575) (0))
((576) (639) (0))
((640) (703) (0))
((704) (767) (0))
((768) (831) (0))
((832) (895) (0))
((896) (959) (0))
((960) (1023) (0))
)
16
FabOnDisk: Cell_D_00000 0
FabOnDisk: Cell_D_00000 5196
FabOnDisk: Cell_D_00000 10394
FabOnDisk: Cell_D_00000 15593
FabOnDisk: Cell_D_00000 20792
FabOnDisk: Cell_D_00000 25991
FabOnDisk: Cell_D_00000 31190
FabOnDisk: Cell_D_00000 36389
FabOnDisk: Cell_D_00000 41588
FabOnDisk: Cell_D_00000 46787
FabOnDisk: Cell_D_00000 51986
FabOnDisk: Cell_D_00000 57185
FabOnDisk: Cell_D_00000 62384
FabOnDisk: Cell_D_00000 67583
FabOnDisk: Cell_D_00000 72782
FabOnDisk: Cell_D_00000 77981

16,10
0.0000000000000000e+00,9.3000784883232422e+09,-1.1543689476077857e+09,3.3633806394449493e+01,0.0000000000000000e+00,0.0000000000000000e+00,0.0000000000000000e+00,-1.9890823731786235e+12,-3.8782441306186431e+12,-1.7525192953579346e+04,
0.0000000000000000e+00,7.6717943732373047e+09,-1.3842803987591150e+09,2.7042990055386326e+01,0.0000000000000000e+00,0.0000000000000000e+00,0.0000000000000000e+00,-8.1391793776228967e+11,-3.5940862262383657e+12,-2.4115776541773830e+04,
0.0000000000000000e+00,2.8434882342646484e+09,-2.6133009613411384e+09,1.4123425953093829e+01,0.0000000000000000e+00,0.0000000000000000e+00,0.0000000000000000e+00,-1.8055104829790552e+12,-5.3433619312841914e+12,-4.7508805439757554e+04,
0.0000000000000000e+00,1.2924801494169922e+09,-2.9023496937843733e+09,9.9687114614716847e+00,0.0000000000000000e+00,0.0000000000000000e+00,0.0000000000000000e+00,-4.6228452928497266e+12,-6.7933902539498789e+12,-7.8584129118904006e+04,
0.0000000000000000e+00,-6.0301984854394531e+08,-1.6259904642556896e+09,1.0089712980334298e-01,0.0000000000000000e+00,0.0000000000000000e+00,0.0000000000000000e+00,-6.3873879492228066e+12,-6.0398833271827930e+12,-5.7550313639164517e+04,
0.0000000000000000e+00,-2.7672048687001953e+09,-6.0083465309967220e+08,-2.0350374159388593e+00,0.0000000000000000e+00,0.0000000000000000e+00,0.0000000000000000e+00,-2.1218087703898989e+12,-3.9958996064423174e+12,-3.1013050765344764e+04,
0.0000000000000000e+00,-4.2688673615136719e+09,2.5682219611031210e+08,-1.4922194502189086e+01,0.0000000000000000e+00,0.0000000000000000e+00,0.0000000000000000e+00,-5.3158890802096074e+12,-5.6489570743226895e+12,-6.0604958927317537e+04,
0.0000000000000000e+00,-4.9060833610332031e+09,9.0899696881117749e+08,-2.0472300851273758e+01,0.0000000000000000e+00,0.0000000000000000e+00,0.0000000000000000e+00,-3.8751852694174717e+12,-5.5820265886271777e+12,-5.1038501423809343e+04,
0.0000000000000000e+00,-4.9720153207714844e+09,1.5033501727659605e+09,-2.7243404904336785e+01,0.0000000000000000e+00,0.0000000000000000e+00,0.0000000000000000e+00,-3.4596052567824087e+12,-8.1130331823635322e+12,-6.0165987047678449e+04,
0.0000000000000000e+00,-5.1925885030605469e+09,1.5571464848384881e+09,-3.4672446067725105e+01,0.0000000000000000e+00,0.0000000000000000e+00,0.0000000000000000e+00,-4.8067410591060566e+12,-6.1277454011856914e+12,-7.6087222488431682e+04,
0.0000000000000000e+00,-5.0589425563876953e+09,1.7568489223853321e+09,-2.9125200886781386e+01,0.0000000000000000e+00,0.0000000000000000e+00,0.0000000000000000e+00,-2.2300403494984707e+12,-7.4872081115513184e+12,-6.9968520146180352e+04,
0.0000000000000000e+00,5.0614808320605469e+08,2.1246682911710534e+09,-5.3748159412640234e+01,0.0000000000000000e+00,0.0000000000000000e+00,0.0000000000000000e+00,-2.4759218555239150e+12,-7.7160524408608789e+12,-7.4957203768895401e+04,
0.0000000000000000e+00,1.2227605432430664e+10,2.1923955121805677e+09,-1.9691712005145382e+02,0.0000000000000000e+00,0.0000000000000000e+00,0.0000000000000000e+00,-6.3687480773122383e+12,-7.0329960445423125e+12,-6.0250202570283131e+04,
0.0000000000000000e+00,-6.1274618044771445e+12,7.2782931270302176e+08,-1.8578149616092120e+04,0.0000000000000000e+00,0.0000000000000000e+00,0.0000000000000000e+00,-1.5840488680248602e+13,-2.7483241965402754e+13,-1.4709614642000501e+05,
0.0000000000000000e+00,-1.3763420043749008e+13,-1.5598845484899259e+08,-4.3858129083635336e+04,0.0000000000000000e+00,0.0000000000000000e+00,0.0000000000000000e+00,-2.1488112513354258e+13,-1.3724246410451576e+13,-1.2098982080220993e+05,
0.0000000000000000e+00,-4.0457190776777510e+12,-3.0823826507568754e+07,-1.6920071745175945e+04,0.0000000000000000e+00,0.0000000000000000e+00,0.0000000000000000e+00,-6.8992165127596260e+12,-3.8654342397876118e+12,-4.2055879478406299e+04,

16,10
0.0000000000000000e+00,1.4906722060416992e+10,-2.1258729844739690e+08,5.2346332545483165e+01,0.0000000000000000e+00,0.0000000000000000e+00,0.0000000000000000e+00,3.1683677300716592e+12,3.8048517695569185e+12,0.0000000000000000e+00,
0.0000000000000000e+00,1.4283472113390625e+10,-5.0268973022640234e+08,5.2306764266373648e+01,0.0000000000000000e+00,0.0000000000000000e+00,0.0000000000000000e+00,2.4752399201104170e+12,2.8460390040038540e+12,0.0000000000000000e+00,
0.0000000000000000e+00,1.1790594602064453e+10,-6.9008608983401847e+08,4.5328000456702284e+01,0.0000000000000000e+00,0.0000000000000000e+00,0.0000000000000000e+00,4.6519403799455068e+12,4.7076671746132617e+12,0.0000000000000000e+00,
0.0000000000000000e+00,7.8021346542441406e+09,-9.2222769633194828e+08,3.4497193842926208e+01,0.0000000000000000e+00,0.0000000000000000e+00,0.0000000000000000e+00,4.9119820351182080e+12,5.9674534618681094e+12,0.0000000000000000e+00,
0.0000000000000000e+00,4.2199364674199219e+09,3.5730079294366050e+08,2.9547375127633131e+01,0.0000000000000000e+00,0.0000000000000000e+00,0.0000000000000000e+00,4.3048851682065127e+12,5.5696903577465098e+12,0.0000000000000000e+00,
0.0000000000000000e+00,3.1183212004648438e+09,1.4353592478216901e+09,2.5822865694899519e+01,0.0000000000000000e+00,0.0000000000000000e+00,0.0000000000000000e+00,4.0107278031142295e+12,3.7183293038184575e+12,0.0000000000000000e+00,
0.0000000000000000e+00,1.0889831451669922e+09,2.4754107876662774e+09,2.0400763286226720e+01,0.0000000000000000e+00,0.0000000000000000e+00,0.0000000000000000e+00,3.9767247176279199e+12,5.0595829564236660e+12,0.0000000000000000e+00,
0.0000000000000000e+00,-9.5431919447851562e+08,3.1898991662764521e+09,1.1157893649240577e+01,0.0000000000000000e+00,0.0000000000000000e+00,0.0000000000000000e+00,6.9048419026622969e+12,5.5390979548497803e+12,0.0000000000000000e+00,
0.0000000000000000e+00,-8.9448875859667969e+08,3.5365914026870632e+09,6.6784318376485317e+00,0.0000000000000000e+00,0.0000000000000000e+00,0.0000000000000000e+00,7.3814402325682607e+12,5.8084294774141855e+12,-1.8841385126061600e+03,
0.0000000000000000e+00,-1.7119754104003906e+08,4.2720576062773533e+09,4.8824885908725264e+00,0.0000000000000000e+00,0.0000000000000000e+00,0.0000000000000000e+00,7.0941124327920059e+12,4.7229057548453486e+12,-3.3007057208757800e+01,
0.0000000000000000e+00,5.3075930469716797e+09,4.3101545628630095e+09,2.6346917293922161e+00,0.0000000000000000e+00,0.0000000000000000e+00,0.0000000000000000e+00,8.9211515653295352e+12,7.7195365647574229e+12,0.0000000000000000e+00,
0.0000000000000000e+00,1.8961923084093750e+10,3.9235727024129477e+09,7.4094895198504673e-01,0.0000000000000000e+00,0.0000000000000000e+00,0.0000000000000000e+00,9.2759673141903594e+12,7.9075399239639668e+12,-5.0675424310122629e+01,
0.0000000000000000e+00,6.1007306066577148e+10,4.2696791074419260e+09,-2.7448040624902205e+01,0.0000000000000000e+00,0.0000000000000000e+00,0.0000000000000000e+00,5.4371468955456953e+12,1.0469021626496602e+13,-5.2146435079054768e+01,
0.0000000000000000e+00,5.5694572316561240e+12,3.8170001972816315e+09,2.0435451535690732e+04,0.0000000000000000e+00,0.0000000000000000e+00,0.0000000000000000e+00,5.8455362733442793e+12,1.9534348736744414e+13,-1.1799107615143907e+04,
0.0000000000000000e+00,1.3146767395851840e+13,1.5547923742772908e+09,4.5902884016990523e+04,0.0000000000000000e+00,0.0000000000000000e+00,0.0000000000000000e+00,2.5885760324172148e+13,1.6184730774559094e+13,-2.9902970237783470e+03,
0.0000000000000000e+00,5.0730043103105674e+12,9.7436497269488990e+07,1.3495118151529765e+04,0.0000000000000000e+00,0.0000000000000000e+00,0.0000000000000000e+00,6.7999884084679658e+12,1.9186299657670649e+12,-8.3446699687531818e+03,

