1
1
10
0
(32 0
((0) (63) (0))
((64) (127) (0))
((128) (191) (0))
((192) (255) (0))
((256) (319) (0))
((320) (383) (0))
((384) (447) (0))
((448) (511) (0))
((512) (575) (0))
((576) (639) (0))
((640) (703) (0))
((704) (767) (0))
((768) (831) (0))
((832) (895) (0))
((896) (959) (0))
((960) (1023) (0))
((1024) (1087) (0))
((1088) (1151) (0))
((1152) (1215) (0))
((1216) (1279) (0))
((1280) (1343) (0))
((1344) (1407) (0))
((1408) (1471) (0))
((1472) (1535) (0))
((1536) (1599) (0))
((1600) (1663) (0))
((1664) (1727) (0))
((1728) (1791) (0))
((1792) (1855) (0))
((1856) (1919) (0))
((1920) (1983) (0))
((1984) (2047) (0))
)
32
FabOnDisk: Cell_D_00000 0
FabOnDisk: Cell_D_00000 5196
FabOnDisk: Cell_D_00000 10394
FabOnDisk: Cell_D_00000 15593
FabOnDisk: Cell_D_00000 20792
FabOnDisk: Cell_D_00000 25991
FabOnDisk: Cell_D_00000 31190
FabOnDisk: Cell_D_00000 36389
FabOnDisk: Cell_D_00000 41588
FabOnDisk: Cell_D_00000 46787
FabOnDisk: Cell_D_00000 51986
FabOnDisk: Cell_D_00000 57185
FabOnDisk: Cell_D_00000 62384
FabOnDisk: Cell_D_00000 67583
FabOnDisk: Cell_D_00000 72782
FabOnDisk: Cell_D_00000 77981
FabOnDisk: Cell_D_00000 83181
FabOnDisk: Cell_D_00000 88382
FabOnDisk: Cell_D_00000 93583
FabOnDisk: Cell_D_00000 98784
FabOnDisk: Cell_D_00000 103985
FabOnDisk: Cell_D_00000 109186
FabOnDisk: Cell_D_00000 114387
FabOnDisk: Cell_D_00000 119588
FabOnDisk: Cell_D_00000 124789
FabOnDisk: Cell_D_00000 129990
FabOnDisk: Cell_D_00000 135191
FabOnDisk: Cell_D_00000 140392
FabOnDisk: Cell_D_00000 145593
FabOnDisk: Cell_D_00000 150794
FabOnDisk: Cell_D_00000 155995
FabOnDisk: Cell_D_00000 161196

32,10
0.0000000000000000e+00,0.0000000000000000e+00,0.0000000000000000e+00,0.0000000000000000e+00,0.0000000000000000e+00,0.0000000000000000e+00,0.0000000000000000e+00,0.0000000000000000e+00,0.0000000000000000e+00,0.0000000000000000e+00,
0.0000000000000000e+00,0.0000000000000000e+00,0.0000000000000000e+00,0.0000000000000000e+00,0.0000000000000000e+00,0.0000000000000000e+00,0.0000000000000000e+00,0.0000000000000000e+00,0.0000000000000000e+00,0.0000000000000000e+00,
0.0000000000000000e+00,0.0000000000000000e+00,0.0000000000000000e+00,0.0000000000000000e+00,0.0000000000000000e+00,0.0000000000000000e+00,0.0000000000000000e+00,0.0000000000000000e+00,0.0000000000000000e+00,0.0000000000000000e+00,
0.0000000000000000e+00,0.0000000000000000e+00,0.0000000000000000e+00,0.0000000000000000e+00,0.0000000000000000e+00,0.0000000000000000e+00,0.0000000000000000e+00,0.0000000000000000e+00,0.0000000000000000e+00,0.0000000000000000e+00,
0.0000000000000000e+00,0.0000000000000000e+00,0.0000000000000000e+00,0.0000000000000000e+00,0.0000000000000000e+00,0.0000000000000000e+00,0.0000000000000000e+00,0.0000000000000000e+00,0.0000000000000000e+00,0.0000000000000000e+00,
0.0000000000000000e+00,0.0000000000000000e+00,0.0000000000000000e+00,0.0000000000000000e+00,0.0000000000000000e+00,0.0000000000000000e+00,0.0000000000000000e+00,0.0000000000000000e+00,0.0000000000000000e+00,0.0000000000000000e+00,
0.0000000000000000e+00,0.0000000000000000e+00,0.0000000000000000e+00,0.0000000000000000e+00,0.0000000000000000e+00,0.0000000000000000e+00,0.0000000000000000e+00,0.0000000000000000e+00,0.0000000000000000e+00,0.0000000000000000e+00,
0.0000000000000000e+00,0.0000000000000000e+00,0.0000000000000000e+00,0.0000000000000000e+00,0.0000000000000000e+00,0.0000000000000000e+00,0.0000000000000000e+00,0.0000000000000000e+00,0.0000000000000000e+00,0.0000000000000000e+00,
0.0000000000000000e+00,0.0000000000000000e+00,0.0000000000000000e+00,0.0000000000000000e+00,0.0000000000000000e+00,0.0000000000000000e+00,0.0000000000000000e+00,0.0000000000000000e+00,0.0000000000000000e+00,0.0000000000000000e+00,
0.0000000000000000e+00,0.0000000000000000e+00,0.0000000000000000e+00,0.0000000000000000e+00,0.0000000000000000e+00,0.0000000000000000e+00,0.0000000000000000e+00,0.0000000000000000e+00,0.0000000000000000e+00,0.0000000000000000e+00,
0.0000000000000000e+00,0.0000000000000000e+00,0.0000000000000000e+00,0.0000000000000000e+00,0.0000000000000000e+00,0.0000000000000000e+00,0.0000000000000000e+00,0.0000000000000000e+00,0.0000000000000000e+00,0.0000000000000000e+00,
0.0000000000000000e+00,0.0000000000000000e+00,0.0000000000000000e+00,0.0000000000000000e+00,0.0000000000000000e+00,0.0000000000000000e+00,0.0000000000000000e+00,0.0000000000000000e+00,0.0000000000000000e+00,0.0000000000000000e+00,
0.0000000000000000e+00,0.0000000000000000e+00,0.0000000000000000e+00,0.0000000000000000e+00,0.0000000000000000e+00,0.0000000000000000e+00,0.0000000000000000e+00,0.0000000000000000e+00,0.0000000000000000e+00,0.0000000000000000e+00,
0.0000000000000000e+00,0.0000000000000000e+00,0.0000000000000000e+00,0.0000000000000000e+00,0.0000000000000000e+00,0.0000000000000000e+00,0.0000000000000000e+00,0.0000000000000000e+00,0.0000000000000000e+00,0.0000000000000000e+00,
0.0000000000000000e+00,0.0000000000000000e+00,0.0000000000000000e+00,0.0000000000000000e+00,0.0000000000000000e+00,0.0000000000000000e+00,0.0000000000000000e+00,0.0000000000000000e+00,0.0000000000000000e+00,0.0000000000000000e+00,
0.0000000000000000e+00,0.0000000000000000e+00,0.0000000000000000e+00,0.0000000000000000e+00,0.0000000000000000e+00,0.0000000000000000e+00,0.0000000000000000e+00,0.0000000000000000e+00,0.0000000000000000e+00,0.0000000000000000e+00,
0.0000000000000000e+00,0.0000000000000000e+00,0.0000000000000000e+00,0.0000000000000000e+00,0.0000000000000000e+00,0.0000000000000000e+00,0.0000000000000000e+00,0.0000000000000000e+00,0.0000000000000000e+00,0.0000000000000000e+00,
0.0000000000000000e+00,0.0000000000000000e+00,0.0000000000000000e+00,0.0000000000000000e+00,0.0000000000000000e+00,0.0000000000000000e+00,0.0000000000000000e+00,0.0000000000000000e+00,0.0000000000000000e+00,0.0000000000000000e+00,
0.0000000000000000e+00,0.0000000000000000e+00,0.0000000000000000e+00,0.0000000000000000e+00,0.0000000000000000e+00,0.0000000000000000e+00,0.0000000000000000e+00,0.0000000000000000e+00,0.0000000000000000e+00,0.0000000000000000e+00,
0.0000000000000000e+00,0.0000000000000000e+00,0.0000000000000000e+00,0.0000000000000000e+00,0.0000000000000000e+00,0.0000000000000000e+00,0.0000000000000000e+00,0.0000000000000000e+00,0.0000000000000000e+00,0.0000000000000000e+00,
0.0000000000000000e+00,0.0000000000000000e+00,0.0000000000000000e+00,0.0000000000000000e+00,0.0000000000000000e+00,0.0000000000000000e+00,0.0000000000000000e+00,0.0000000000000000e+00,0.0000000000000000e+00,0.0000000000000000e+00,
0.0000000000000000e+00,0.0000000000000000e+00,0.0000000000000000e+00,0.0000000000000000e+00,0.0000000000000000e+00,0.0000000000000000e+00,0.0000000000000000e+00,0.0000000000000000e+00,0.0000000000000000e+00,0.0000000000000000e+00,
0.0000000000000000e+00,0.0000000000000000e+00,0.0000000000000000e+00,0.0000000000000000e+00,0.0000000000000000e+00,0.0000000000000000e+00,0.0000000000000000e+00,0.0000000000000000e+00,0.0000000000000000e+00,0.0000000000000000e+00,
0.0000000000000000e+00,0.0000000000000000e+00,0.0000000000000000e+00,0.0000000000000000e+00,0.0000000000000000e+00,0.0000000000000000e+00,0.0000000000000000e+00,0.0000000000000000e+00,0.0000000000000000e+00,0.0000000000000000e+00,
0.0000000000000000e+00,-6.7113956828699878e+11,0.0000000000000000e+00,-2.2386806284733111e+03,0.0000000000000000e+00,0.0000000000000000e+00,0.0000000000000000e+00,0.0000000000000000e+00,0.0000000000000000e+00,0.0000000000000000e+00,
0.0000000000000000e+00,-3.3612498284796509e+12,0.0000000000000000e+00,-1.1211922577717585e+04,0.0000000000000000e+00,0.0000000000000000e+00,0.0000000000000000e+00,0.0000000000000000e+00,0.0000000000000000e+00,0.0000000000000000e+00,
0.0000000000000000e+00,-7.1657618473656143e+12,0.0000000000000000e+00,-2.3902408670219495e+04,0.0000000000000000e+00,0.0000000000000000e+00,0.0000000000000000e+00,0.0000000000000000e+00,0.0000000000000000e+00,0.0000000000000000e+00,
0.0000000000000000e+00,-1.1994877168893602e+13,0.0000000000000000e+00,-3.8969770141032503e+04,0.0000000000000000e+00,0.0000000000000000e+00,0.0000000000000000e+00,0.0000000000000000e+00,0.0000000000000000e+00,0.0000000000000000e+00,
0.0000000000000000e+00,-7.1786363130781152e+12,4.6389696677304029e+07,-2.7825102363446615e+04,0.0000000000000000e+00,0.0000000000000000e+00,0.0000000000000000e+00,-1.2646535026981330e+13,-6.5481637059279062e+12,-7.1725227218546541e+04,
0.0000000000000000e+00,-3.1327968488773774e+12,7.1600735633335961e+06,-8.9073173141175739e+03,0.0000000000000000e+00,0.0000000000000000e+00,0.0000000000000000e+00,-6.2704120701579336e+12,-5.9944959785017676e+11,-3.8761068149903891e+04,
0.0000000000000000e+00,-6.6744689887948560e+11,-5.6841891225497669e+05,-1.6126101637625807e+03,0.0000000000000000e+00,0.0000000000000000e+00,0.0000000000000000e+00,-2.4874891686385962e+12,-1.7602688137169888e+11,-3.3112890152744512e+04,
0.0000000000000000e+00,-1.4191982895872471e-88,0.0000000000000000e+00,-4.1055356659645125e-90,0.0000000000000000e+00,0.0000000000000000e+00,0.0000000000000000e+00,-7.8272868580773916e-78,0.0000000000000000e+00,-3.2043532680000688e+04,

32,10
0.0000000000000000e+00,0.0000000000000000e+00,0.0000000000000000e+00,0.0000000000000000e+00,0.0000000000000000e+00,0.0000000000000000e+00,0.0000000000000000e+00,0.0000000000000000e+00,0.0000000000000000e+00,0.0000000000000000e+00,
0.0000000000000000e+00,0.0000000000000000e+00,0.0000000000000000e+00,0.0000000000000000e+00,0.0000000000000000e+00,0.0000000000000000e+00,0.0000000000000000e+00,0.0000000000000000e+00,0.0000000000000000e+00,0.0000000000000000e+00,
0.0000000000000000e+00,0.0000000000000000e+00,0.0000000000000000e+00,0.0000000000000000e+00,0.0000000000000000e+00,0.0000000000000000e+00,0.0000000000000000e+00,0.0000000000000000e+00,0.0000000000000000e+00,0.0000000000000000e+00,
0.0000000000000000e+00,0.0000000000000000e+00,0.0000000000000000e+00,0.0000000000000000e+00,0.0000000000000000e+00,0.0000000000000000e+00,0.0000000000000000e+00,0.0000000000000000e+00,0.0000000000000000e+00,0.0000000000000000e+00,
0.0000000000000000e+00,0.0000000000000000e+00,0.0000000000000000e+00,0.0000000000000000e+00,0.0000000000000000e+00,0.0000000000000000e+00,0.0000000000000000e+00,0.0000000000000000e+00,0.0000000000000000e+00,0.0000000000000000e+00,
0.0000000000000000e+00,0.0000000000000000e+00,0.0000000000000000e+00,0.0000000000000000e+00,0.0000000000000000e+00,0.0000000000000000e+00,0.0000000000000000e+00,0.0000000000000000e+00,0.0000000000000000e+00,0.0000000000000000e+00,
0.0000000000000000e+00,0.0000000000000000e+00,0.0000000000000000e+00,0.0000000000000000e+00,0.0000000000000000e+00,0.0000000000000000e+00,0.0000000000000000e+00,0.0000000000000000e+00,0.0000000000000000e+00,0.0000000000000000e+00,
0.0000000000000000e+00,0.0000000000000000e+00,0.0000000000000000e+00,0.0000000000000000e+00,0.0000000000000000e+00,0.0000000000000000e+00,0.0000000000000000e+00,0.0000000000000000e+00,0.0000000000000000e+00,0.0000000000000000e+00,
0.0000000000000000e+00,0.0000000000000000e+00,0.0000000000000000e+00,0.0000000000000000e+00,0.0000000000000000e+00,0.0000000000000000e+00,0.0000000000000000e+00,0.0000000000000000e+00,0.0000000000000000e+00,0.0000000000000000e+00,
0.0000000000000000e+00,0.0000000000000000e+00,0.0000000000000000e+00,0.0000000000000000e+00,0.0000000000000000e+00,0.0000000000000000e+00,0.0000000000000000e+00,0.0000000000000000e+00,0.0000000000000000e+00,0.0000000000000000e+00,
0.0000000000000000e+00,0.0000000000000000e+00,0.0000000000000000e+00,0.0000000000000000e+00,0.0000000000000000e+00,0.0000000000000000e+00,0.0000000000000000e+00,0.0000000000000000e+00,0.0000000000000000e+00,0.0000000000000000e+00,
0.0000000000000000e+00,0.0000000000000000e+00,0.0000000000000000e+00,0.0000000000000000e+00,0.0000000000000000e+00,0.0000000000000000e+00,0.0000000000000000e+00,0.0000000000000000e+00,0.0000000000000000e+00,0.0000000000000000e+00,
0.0000000000000000e+00,0.0000000000000000e+00,0.0000000000000000e+00,0.0000000000000000e+00,0.0000000000000000e+00,0.0000000000000000e+00,0.0000000000000000e+00,0.0000000000000000e+00,0.0000000000000000e+00,0.0000000000000000e+00,
0.0000000000000000e+00,0.0000000000000000e+00,0.0000000000000000e+00,0.0000000000000000e+00,0.0000000000000000e+00,0.0000000000000000e+00,0.0000000000000000e+00,0.0000000000000000e+00,0.0000000000000000e+00,0.0000000000000000e+00,
0.0000000000000000e+00,0.0000000000000000e+00,0.0000000000000000e+00,0.0000000000000000e+00,0.0000000000000000e+00,0.0000000000000000e+00,0.0000000000000000e+00,0.0000000000000000e+00,0.0000000000000000e+00,0.0000000000000000e+00,
0.0000000000000000e+00,0.0000000000000000e+00,0.0000000000000000e+00,0.0000000000000000e+00,0.0000000000000000e+00,0.0000000000000000e+00,0.0000000000000000e+00,0.0000000000000000e+00,0.0000000000000000e+00,0.0000000000000000e+00,
0.0000000000000000e+00,0.0000000000000000e+00,0.0000000000000000e+00,0.0000000000000000e+00,0.0000000000000000e+00,0.0000000000000000e+00,0.0000000000000000e+00,0.0000000000000000e+00,0.0000000000000000e+00,0.0000000000000000e+00,
0.0000000000000000e+00,0.0000000000000000e+00,0.0000000000000000e+00,0.0000000000000000e+00,0.0000000000000000e+00,0.0000000000000000e+00,0.0000000000000000e+00,0.0000000000000000e+00,0.0000000000000000e+00,0.0000000000000000e+00,
0.0000000000000000e+00,0.0000000000000000e+00,0.0000000000000000e+00,0.0000000000000000e+00,0.0000000000000000e+00,0.0000000000000000e+00,0.0000000000000000e+00,0.0000000000000000e+00,0.0000000000000000e+00,0.0000000000000000e+00,
0.0000000000000000e+00,0.0000000000000000e+00,0.0000000000000000e+00,0.0000000000000000e+00,0.0000000000000000e+00,0.0000000000000000e+00,0.0000000000000000e+00,0.0000000000000000e+00,0.0000000000000000e+00,0.0000000000000000e+00,
0.0000000000000000e+00,0.0000000000000000e+00,0.0000000000000000e+00,0.0000000000000000e+00,0.0000000000000000e+00,0.0000000000000000e+00,0.0000000000000000e+00,0.0000000000000000e+00,0.0000000000000000e+00,0.0000000000000000e+00,
0.0000000000000000e+00,0.0000000000000000e+00,0.0000000000000000e+00,0.0000000000000000e+00,0.0000000000000000e+00,0.0000000000000000e+00,0.0000000000000000e+00,0.0000000000000000e+00,0.0000000000000000e+00,0.0000000000000000e+00,
0.0000000000000000e+00,0.0000000000000000e+00,0.0000000000000000e+00,0.0000000000000000e+00,0.0000000000000000e+00,0.0000000000000000e+00,0.0000000000000000e+00,0.0000000000000000e+00,0.0000000000000000e+00,0.0000000000000000e+00,
0.0000000000000000e+00,0.0000000000000000e+00,0.0000000000000000e+00,0.0000000000000000e+00,0.0000000000000000e+00,0.0000000000000000e+00,0.0000000000000000e+00,0.0000000000000000e+00,0.0000000000000000e+00,0.0000000000000000e+00,
0.0000000000000000e+00,7.6928252003470825e+11,0.0000000000000000e+00,2.5660502774713177e+03,0.0000000000000000e+00,0.0000000000000000e+00,0.0000000000000000e+00,0.0000000000000000e+00,0.0000000000000000e+00,0.0000000000000000e+00,
0.0000000000000000e+00,2.6737449602118145e+12,0.0000000000000000e+00,8.9186531844367291e+03,0.0000000000000000e+00,0.0000000000000000e+00,0.0000000000000000e+00,0.0000000000000000e+00,0.0000000000000000e+00,0.0000000000000000e+00,
0.0000000000000000e+00,8.3227240065586055e+12,0.0000000000000000e+00,2.7761619028316607e+04,0.0000000000000000e+00,0.0000000000000000e+00,0.0000000000000000e+00,0.0000000000000000e+00,0.0000000000000000e+00,0.0000000000000000e+00,
0.0000000000000000e+00,1.0741619054032391e+13,1.3694511320817000e+08,3.8218022492385564e+04,0.0000000000000000e+00,0.0000000000000000e+00,0.0000000000000000e+00,9.0928130115445683e+17,0.0000000000000000e+00,0.0000000000000000e+00,
0.0000000000000000e+00,8.3424025855118877e+12,3.9925500781575477e+08,2.3946403657232258e+04,0.0000000000000000e+00,0.0000000000000000e+00,0.0000000000000000e+00,1.5094423493483176e+13,1.9388260914853191e+12,0.0000000000000000e+00,
0.0000000000000000e+00,2.6709204999692930e+12,7.1358374513552874e+07,1.0450826387089390e+04,0.0000000000000000e+00,0.0000000000000000e+00,0.0000000000000000e+00,6.1776991023651523e+12,3.9985996194950378e+11,-3.2074355632311013e+04,
0.0000000000000000e+00,4.8355857142401746e+11,6.7927290982102826e+06,2.2266953168784812e+03,0.0000000000000000e+00,0.0000000000000000e+00,0.0000000000000000e+00,6.3941674176666504e+11,1.7941493305936005e+10,-3.2043532679999560e+04,
0.0000000000000000e+00,1.2389673437255744e-81,0.0000000000000000e+00,4.7227220116805962e-97,0.0000000000000000e+00,0.0000000000000000e+00,0.0000000000000000e+00,7.2585530905762242e-72,0.0000000000000000e+00,-8.3446699687508262e+03,

