1
1
10
0
(8 0
((0) (63) (0))
((64) (127) (0))
((128) (191) (0))
((192) (255) (0))
((256) (319) (0))
((320) (383) (0))
((384) (447) (0))
((448) (511) (0))
)
8
FabOnDisk: Cell_D_00000 0
FabOnDisk: Cell_D_00000 5196
FabOnDisk: Cell_D_00000 10394
FabOnDisk: Cell_D_00000 15593
FabOnDisk: Cell_D_00000 20792
FabOnDisk: Cell_D_00000 25991
FabOnDisk: Cell_D_00000 31190
FabOnDisk: Cell_D_00000 36389

8,10
0.0000000000000000e+00,0.0000000000000000e+00,0.0000000000000000e+00,0.0000000000000000e+00,0.0000000000000000e+00,0.0000000000000000e+00,0.0000000000000000e+00,0.0000000000000000e+00,0.0000000000000000e+00,0.0000000000000000e+00,
0.0000000000000000e+00,-4.2603940213894805e+12,0.0000000000000000e+00,-1.4211144769323982e+04,0.0000000000000000e+00,0.0000000000000000e+00,0.0000000000000000e+00,0.0000000000000000e+00,0.0000000000000000e+00,0.0000000000000000e+00,
0.0000000000000000e+00,-1.3178739863312699e+13,0.0000000000000000e+00,-4.3959544383577158e+04,0.0000000000000000e+00,0.0000000000000000e+00,0.0000000000000000e+00,0.0000000000000000e+00,0.0000000000000000e+00,0.0000000000000000e+00,
0.0000000000000000e+00,-4.0713551771392578e+12,-4.0677563596205986e+08,-1.3580579058927664e+04,0.0000000000000000e+00,0.0000000000000000e+00,0.0000000000000000e+00,-2.5595024949227793e+12,-3.8881330847641206e+12,0.0000000000000000e+00,
0.0000000000000000e+00,-2.1351395491435547e+09,-1.0505724979639165e+09,-8.2685933015218325e+00,0.0000000000000000e+00,0.0000000000000000e+00,0.0000000000000000e+00,-3.3510355967274692e+12,-5.6236269251878662e+12,0.0000000000000000e+00,
0.0000000000000000e+00,-2.5391039505365703e+12,-7.2597838071628660e+07,-9.3282257437205662e+03,0.0000000000000000e+00,0.0000000000000000e+00,0.0000000000000000e+00,-8.6446038384985020e+12,-7.2025022027747832e+12,0.0000000000000000e+00,
0.0000000000000000e+00,-1.2633248273707035e+13,-2.1937213364130437e+07,-4.1932906931812380e+04,0.0000000000000000e+00,0.0000000000000000e+00,0.0000000000000000e+00,-1.6967406044399264e+13,-1.0460259437793969e+13,0.0000000000000000e+00,
0.0000000000000000e+00,-5.8817537322446631e+12,-3.2522113538373731e+07,-2.2752817491046619e+04,0.0000000000000000e+00,0.0000000000000000e+00,0.0000000000000000e+00,-8.4756519830486016e+12,-3.8931772334485151e+12,0.0000000000000000e+00,

8,10
0.0000000000000000e+00,0.0000000000000000e+00,0.0000000000000000e+00,0.0000000000000000e+00,0.0000000000000000e+00,0.0000000000000000e+00,0.0000000000000000e+00,0.0000000000000000e+00,0.0000000000000000e+00,0.0000000000000000e+00,
0.0000000000000000e+00,5.1086145588317910e+12,0.0000000000000000e+00,1.7040503930328330e+04,0.0000000000000000e+00,0.0000000000000000e+00,0.0000000000000000e+00,0.0000000000000000e+00,0.0000000000000000e+00,0.0000000000000000e+00,
0.0000000000000000e+00,1.3091427385986441e+13,0.0000000000000000e+00,4.3668301308588787e+04,0.0000000000000000e+00,0.0000000000000000e+00,0.0000000000000000e+00,0.0000000000000000e+00,0.0000000000000000e+00,0.0000000000000000e+00,
0.0000000000000000e+00,3.5724842707416118e+12,9.8091525491783917e+07,1.1916524833795580e+04,0.0000000000000000e+00,0.0000000000000000e+00,0.0000000000000000e+00,1.9082023452922129e+12,4.1953971571266592e+12,0.0000000000000000e+00,
0.0000000000000000e+00,2.0339888720703125e+09,4.8605517805796295e+08,9.3568363951635547e+00,0.0000000000000000e+00,0.0000000000000000e+00,0.0000000000000000e+00,4.1591978888658091e+12,6.6767094738990527e+12,0.0000000000000000e+00,
0.0000000000000000e+00,2.7985298674118418e+12,1.2679923896905816e+09,8.4786760948343290e+03,0.0000000000000000e+00,0.0000000000000000e+00,0.0000000000000000e+00,3.6303668136662808e+12,8.5664830444967588e+12,0.0000000000000000e+00,
0.0000000000000000e+00,1.2572388332214779e+13,1.2969965527845669e+09,4.2143976671185781e+04,0.0000000000000000e+00,0.0000000000000000e+00,0.0000000000000000e+00,1.1465267619761348e+13,6.9135510156427275e+12,0.0000000000000000e+00,
0.0000000000000000e+00,6.8218467953865605e+12,1.5331909206431580e+08,1.9620061845743385e+04,0.0000000000000000e+00,0.0000000000000000e+00,0.0000000000000000e+00,7.5756795729044727e+12,2.5155897788177593e+12,0.0000000000000000e+00,

