HyperCLaw-V1.1
10
Ex
Ey
Ez
Bx
By
Bz
jx
jy
jz
rho
1
8.4694008546405984e-14
0
5.0000000000000004e-06 
6.9999999999999994e-05 

((0) (511) (0)) 
200 
1.2695312499999999e-07 
0
0
0 8 8.4694008546405984e-14
200
5.0000000000000004e-06 1.3125000000000001e-05
1.3125000000000001e-05 2.1249999999999998e-05
2.1249999999999998e-05 2.9374999999999996e-05
2.9374999999999996e-05 3.7499999999999997e-05
3.7499999999999997e-05 4.5624999999999998e-05
4.5624999999999998e-05 5.3749999999999992e-05
5.3749999999999992e-05 6.1875e-05
6.1875e-05 6.9999999999999994e-05
Level_0/Cell
