HyperCLaw-V1.1
10
Ex
Ey
Ez
Bx
By
Bz
jx
jy
jz
rho
1
3.2314021722320988e-13
0
-1.5125000000000691e-05 
0.00010887499999999935 

((0) (1023) (0)) 
800 
1.2109375000000003e-07 
0
0
0 16 3.2314021722320988e-13
800
-1.5125000000000691e-05 -7.3750000000006892e-06
-7.3750000000006892e-06 3.7499999999931285e-07
3.7499999999931285e-07 8.1249999999993149e-06
8.1249999999993149e-06 1.5874999999999315e-05
1.5874999999999315e-05 2.3624999999999314e-05
2.3624999999999314e-05 3.1374999999999319e-05
3.1374999999999319e-05 3.9124999999999325e-05
3.9124999999999325e-05 4.6874999999999323e-05
4.6874999999999323e-05 5.4624999999999322e-05
5.4624999999999322e-05 6.2374999999999321e-05
6.2374999999999321e-05 7.0124999999999333e-05
7.0124999999999333e-05 7.7874999999999331e-05
7.7874999999999331e-05 8.562499999999933e-05
8.562499999999933e-05 9.3374999999999342e-05
9.3374999999999342e-05 0.00010112499999999934
0.00010112499999999934 0.00010887499999999934
Level_0/Cell
