Checkpoint version: 1
1
800 
1 
3.2314021722320988e-13 
-1.7976931348623157e+308 
4.0392527152901226e-16 
-1.512500000000069e-05
0
-1.5125000000000691e-05 
0.00010887499999999935 
(16 0
((0) (63) (0))
((64) (127) (0))
((128) (191) (0))
((192) (255) (0))
((256) (319) (0))
((320) (383) (0))
((384) (447) (0))
((448) (511) (0))
((512) (575) (0))
((576) (639) (0))
((640) (703) (0))
((704) (767) (0))
((768) (831) (0))
((832) (895) (0))
((896) (959) (0))
((960) (1023) (0))
)
-1.6021766339999999e-19 9.1093837015000008e-31
0.00010875390624999935
1
3.2273629195168085e-13
