1
1
10
0
(8 0
((0) (63) (0))
((64) (127) (0))
((128) (191) (0))
((192) (255) (0))
((256) (319) (0))
((320) (383) (0))
((384) (447) (0))
((448) (511) (0))
)
8
FabOnDisk: Cell_D_00000 0
FabOnDisk: Cell_D_00000 5196
FabOnDisk: Cell_D_00000 10394
FabOnDisk: Cell_D_00000 15593
FabOnDisk: Cell_D_00000 20792
FabOnDisk: Cell_D_00000 25991
FabOnDisk: Cell_D_00000 31190
FabOnDisk: Cell_D_00000 36389

8,10
0.0000000000000000e+00,-2.9080326500548916e+09,-1.6493427856666086e+10,-1.7788384264034416e+01,0.0000000000000000e+00,0.0000000000000000e+00,0.0000000000000000e+00,-3.1656440456724883e+12,-4.1229101229882280e+12,-4.5577919633455487e+04,
0.0000000000000000e+00,-3.7154824541266155e+09,-1.7287886907753204e+10,-2.4418229388545249e+01,0.0000000000000000e+00,0.0000000000000000e+00,0.0000000000000000e+00,-5.4539577865305000e+12,-6.1726610001458154e+12,-5.1035501203061387e+04,
0.0000000000000000e+00,-3.9956292700338293e+11,-7.9484722184793549e+09,-1.3407726936023387e+03,0.0000000000000000e+00,0.0000000000000000e+00,0.0000000000000000e+00,-5.2700155369909121e+12,-4.7887599343305703e+12,-3.8660497251448294e+04,
0.0000000000000000e+00,-1.2829184633926645e+13,2.6827340801020122e+08,-4.2796804298945419e+04,0.0000000000000000e+00,0.0000000000000000e+00,0.0000000000000000e+00,-9.6539865752612695e+12,-7.7759339712208828e+12,-5.4678710888665330e+04,
0.0000000000000000e+00,-1.2796015691004107e+13,-2.1508414849758095e+08,-4.2696656521395445e+04,0.0000000000000000e+00,0.0000000000000000e+00,0.0000000000000000e+00,-1.3423845260910564e+13,-1.2664671541062840e+13,-9.4438005233052507e+04,
0.0000000000000000e+00,-1.3297247007140074e+13,-5.2839304542328477e+08,-4.4342277086622227e+04,0.0000000000000000e+00,0.0000000000000000e+00,0.0000000000000000e+00,-1.4405980356367605e+13,-1.0485484787057039e+13,-9.9618130494391240e+04,
0.0000000000000000e+00,-1.6332990711517456e+12,-2.5187463051714510e+08,-5.4531362611616760e+03,0.0000000000000000e+00,0.0000000000000000e+00,0.0000000000000000e+00,-7.8102053292482500e+12,-4.8259524281274717e+12,-5.8708633150971058e+04,
0.0000000000000000e+00,-3.3304670974295201e+09,6.5366123997988188e+08,-6.1395737758013045e+00,0.0000000000000000e+00,0.0000000000000000e+00,0.0000000000000000e+00,-3.6220527111401680e+12,-4.5684013196174551e+12,-3.3760074548246215e+04,

8,10
0.0000000000000000e+00,3.1184343555905447e+09,9.8454013323220139e+09,7.1788659397713523e+00,0.0000000000000000e+00,0.0000000000000000e+00,0.0000000000000000e+00,4.8698397290593418e+12,5.5981700401377744e+12,0.0000000000000000e+00,
0.0000000000000000e+00,3.4341382315418158e+09,1.0208489542404087e+10,5.2890069899314902e+00,0.0000000000000000e+00,0.0000000000000000e+00,0.0000000000000000e+00,1.0013748616436855e+13,7.3995287220331035e+12,0.0000000000000000e+00,
0.0000000000000000e+00,2.7821813445827551e+11,8.4387909133914347e+09,9.1748769891543634e+02,0.0000000000000000e+00,0.0000000000000000e+00,0.0000000000000000e+00,7.5732867820329805e+12,4.4158244324672197e+12,0.0000000000000000e+00,
0.0000000000000000e+00,1.2950198401595586e+13,1.0222303104683641e+10,4.3193351283563730e+04,0.0000000000000000e+00,0.0000000000000000e+00,0.0000000000000000e+00,7.6959015381442051e+12,6.3200725604373633e+12,-2.0364748345152712e+01,
0.0000000000000000e+00,1.2657121033997189e+13,1.5741364268842625e+10,4.2211242071000677e+04,0.0000000000000000e+00,0.0000000000000000e+00,0.0000000000000000e+00,1.2750500270946988e+13,1.9831301070215047e+13,-1.7027854041215223e+03,
0.0000000000000000e+00,1.3527011929325352e+13,1.7238647630380859e+10,4.5123715318923052e+04,0.0000000000000000e+00,0.0000000000000000e+00,0.0000000000000000e+00,1.5376975729657742e+13,1.4911094901912701e+13,-2.3029855849181655e+02,
0.0000000000000000e+00,1.3330718638345874e+12,1.7020796766748419e+10,4.4311054883854995e+03,0.0000000000000000e+00,0.0000000000000000e+00,0.0000000000000000e+00,8.8356546553993262e+12,4.7095183103330957e+12,0.0000000000000000e+00,
0.0000000000000000e+00,3.6095304940186539e+09,1.9929936856358322e+10,3.3168567422325324e+01,0.0000000000000000e+00,0.0000000000000000e+00,0.0000000000000000e+00,7.6965065424383135e+12,6.4960967803017324e+12,0.0000000000000000e+00,

