1
1
10
0
(8 0
((0) (63) (0))
((64) (127) (0))
((128) (191) (0))
((192) (255) (0))
((256) (319) (0))
((320) (383) (0))
((384) (447) (0))
((448) (511) (0))
)
8
FabOnDisk: Cell_D_00000 0
FabOnDisk: Cell_D_00000 5196
FabOnDisk: Cell_D_00000 10394
FabOnDisk: Cell_D_00000 15593
FabOnDisk: Cell_D_00000 20792
FabOnDisk: Cell_D_00000 25991
FabOnDisk: Cell_D_00000 31190
FabOnDisk: Cell_D_00000 36389

8,10
0.0000000000000000e+00,-4.3193536066694012e+09,-8.3228663398313208e+09,-2.3980940929007865e+01,0.0000000000000000e+00,0.0000000000000000e+00,0.0000000000000000e+00,-7.2226511800151113e+12,-3.3893282243507798e+12,-4.6694421108999159e+04,
0.0000000000000000e+00,-3.8305744196088967e+09,-7.6731042076016321e+09,-2.1881699155626116e+01,0.0000000000000000e+00,0.0000000000000000e+00,0.0000000000000000e+00,-6.5760570811963643e+12,-7.6899185688465264e+12,-6.3716785705153161e+04,
0.0000000000000000e+00,-3.9042131265471897e+09,-5.0225964764543813e+08,-1.4056270217539433e+01,0.0000000000000000e+00,0.0000000000000000e+00,0.0000000000000000e+00,-5.2900282135949814e+12,-6.3589113666026660e+12,-5.9411619537700375e+04,
0.0000000000000000e+00,-4.2515107540197453e+09,7.4604298870761025e+08,-1.6055060113544869e+01,0.0000000000000000e+00,0.0000000000000000e+00,0.0000000000000000e+00,-4.5236614241070000e+12,-5.1136083546877734e+12,-4.6089912957120454e+04,
0.0000000000000000e+00,-5.0283510243956146e+09,2.1414130922780828e+09,-1.4370372114213708e+01,0.0000000000000000e+00,0.0000000000000000e+00,0.0000000000000000e+00,-3.3687576546241406e+12,-9.9219753675610117e+12,-7.0637209007354264e+04,
0.0000000000000000e+00,-5.2988231389289322e+09,3.5993628350964522e+08,-3.3447226518604047e+00,0.0000000000000000e+00,0.0000000000000000e+00,0.0000000000000000e+00,-8.5841627366530273e+12,-7.2982511089102090e+12,-6.6565669327061478e+04,
0.0000000000000000e+00,-1.1889165531706148e+13,1.0633427854466572e+09,-4.4290556433942504e+04,0.0000000000000000e+00,0.0000000000000000e+00,0.0000000000000000e+00,-2.6012379468719973e+13,-1.2210515570362961e+13,-1.4902776409159965e+05,
0.0000000000000000e+00,-1.4137835283054309e+13,-3.0617891612079656e+08,-5.9050742140796705e+04,0.0000000000000000e+00,0.0000000000000000e+00,0.0000000000000000e+00,-1.4239258631130166e+13,-1.6990792715155070e+13,-1.6183124876948888e+05,

8,10
0.0000000000000000e+00,3.8859993385436497e+09,5.8689045356232777e+09,2.6896696851399615e+00,0.0000000000000000e+00,0.0000000000000000e+00,0.0000000000000000e+00,4.9639579195700244e+12,5.7787550449577832e+12,0.0000000000000000e+00,
0.0000000000000000e+00,3.5593079989075475e+09,6.5554827913777790e+09,4.1203846226873146e+00,0.0000000000000000e+00,0.0000000000000000e+00,0.0000000000000000e+00,7.9580291202100293e+12,5.9708183216816729e+12,0.0000000000000000e+00,
0.0000000000000000e+00,2.7797062891994233e+09,6.7798675600116081e+09,4.3626588374210442e+00,0.0000000000000000e+00,0.0000000000000000e+00,0.0000000000000000e+00,5.3205090261266309e+12,5.3514593001687578e+12,0.0000000000000000e+00,
0.0000000000000000e+00,1.7115167267794991e+09,1.0806804506467257e+10,4.5152194333846349e+00,0.0000000000000000e+00,0.0000000000000000e+00,0.0000000000000000e+00,6.7747698737725654e+12,4.7512683324319678e+12,0.0000000000000000e+00,
0.0000000000000000e+00,2.4636610059130583e+09,1.9075443977281311e+10,1.1681580023186058e+01,0.0000000000000000e+00,0.0000000000000000e+00,0.0000000000000000e+00,5.8248630412068770e+12,9.6470735465939961e+12,0.0000000000000000e+00,
0.0000000000000000e+00,4.3909829516196537e+08,2.3737529288917782e+10,2.0817795412898821e+01,0.0000000000000000e+00,0.0000000000000000e+00,0.0000000000000000e+00,7.6732911187805635e+12,3.6661471250123989e+12,-1.6985004457993881e+01,
0.0000000000000000e+00,1.1594921176833891e+13,2.6644299125120937e+10,3.9893787595010130e+04,0.0000000000000000e+00,0.0000000000000000e+00,0.0000000000000000e+00,1.5296852875041258e+13,2.2947356062873703e+13,-1.8908408715666776e+03,
0.0000000000000000e+00,1.3892756694389180e+13,1.9276551001805378e+10,5.8767297010807160e+04,0.0000000000000000e+00,0.0000000000000000e+00,0.0000000000000000e+00,2.2754178529817758e+13,2.0098113015217117e+13,-2.9734189713355418e+03,

