HyperCLaw-V1.1
10
Ex
Ey
Ez
Bx
By
Bz
jx
jy
jz
rho
1
8.8602962787008943e-14
0
-5.5999999999999999e-05 
1.2e-05 

((0) (511) (0)) 
200 
1.328125e-07 
0
0
0 8 8.8602962787008943e-14
200
-5.5999999999999999e-05 -4.7500000000000003e-05
-4.7500000000000003e-05 -3.8999999999999999e-05
-3.8999999999999999e-05 -3.0499999999999999e-05
-3.0499999999999999e-05 -2.1999999999999999e-05
-2.1999999999999999e-05 -1.3499999999999996e-05
-1.3499999999999996e-05 -4.9999999999999996e-06
-4.9999999999999996e-06 3.499999999999997e-06
3.499999999999997e-06 1.2e-05
Level_0/Cell
