1
1
10
0
(8 0
((0) (63) (0))
((64) (127) (0))
((128) (191) (0))
((192) (255) (0))
((256) (319) (0))
((320) (383) (0))
((384) (447) (0))
((448) (511) (0))
)
8
FabOnDisk: Cell_D_00000 0
FabOnDisk: Cell_D_00000 5196
FabOnDisk: Cell_D_00000 10394
FabOnDisk: Cell_D_00000 15593
FabOnDisk: Cell_D_00000 20792
FabOnDisk: Cell_D_00000 25991
FabOnDisk: Cell_D_00000 31190
FabOnDisk: Cell_D_00000 36389

8,10
0.0000000000000000e+00,-1.0352824379615234e+10,-2.1966785748631015e+09,-1.2060874807531945e+01,0.0000000000000000e+00,0.0000000000000000e+00,0.0000000000000000e+00,-6.8562586005283057e+12,-7.3866767326793145e+12,-7.3276866900205758e+04,
0.0000000000000000e+00,-1.1900039140072754e+10,-1.6109061603690224e+09,-1.5473616875719017e+01,0.0000000000000000e+00,0.0000000000000000e+00,0.0000000000000000e+00,-5.5498318334390977e+12,-8.5298623196448320e+12,-7.5027515954667178e+04,
0.0000000000000000e+00,-1.1118694795993652e+10,-1.1702346776595268e+09,-6.4207311219179246e+00,0.0000000000000000e+00,0.0000000000000000e+00,0.0000000000000000e+00,-3.7473753968446699e+12,-8.2307870333577451e+12,-7.4700682270994323e+04,
0.0000000000000000e+00,-9.9412186978505859e+09,-1.0080019323676472e+09,-7.6942508335596358e+00,0.0000000000000000e+00,0.0000000000000000e+00,0.0000000000000000e+00,-3.4219599593749404e+12,-9.8887092935461055e+12,-6.4524518674390754e+04,
0.0000000000000000e+00,-2.1627399010449219e+09,-1.6039741918726754e+08,-5.7398503206008172e+01,0.0000000000000000e+00,0.0000000000000000e+00,0.0000000000000000e+00,-5.1553265234296064e+12,-6.5878841479346973e+12,-5.4855438774932161e+04,
0.0000000000000000e+00,-2.5178450098600664e+12,-1.8003425141922817e+08,-9.4018402874129788e+03,0.0000000000000000e+00,0.0000000000000000e+00,0.0000000000000000e+00,-5.3106340900177002e+12,-1.3172250556499623e+13,-9.5510883788926614e+04,
0.0000000000000000e+00,-1.2682224604508449e+13,-1.6356680991531032e+08,-4.2200819900602488e+04,0.0000000000000000e+00,0.0000000000000000e+00,0.0000000000000000e+00,-1.3365192592309537e+13,-9.3420130452567754e+12,-7.8256576258154731e+04,
0.0000000000000000e+00,-5.9117253229847441e+12,-7.8071189745581597e+07,-2.2856807681942395e+04,0.0000000000000000e+00,0.0000000000000000e+00,0.0000000000000000e+00,-8.3401728173949219e+12,-2.7883600022336558e+12,-4.6707647373334541e+04,

8,10
0.0000000000000000e+00,-3.5733316316879883e+09,1.8423993283817753e+08,1.8335597689594579e+01,0.0000000000000000e+00,0.0000000000000000e+00,0.0000000000000000e+00,5.7955839741387070e+12,8.6736624467040527e+12,0.0000000000000000e+00,
0.0000000000000000e+00,-3.5823575404394531e+09,7.3902057707785058e+08,1.9806746150970866e+01,0.0000000000000000e+00,0.0000000000000000e+00,0.0000000000000000e+00,9.1877275844751348e+12,8.1834744298345762e+12,0.0000000000000000e+00,
0.0000000000000000e+00,-2.8212127795458984e+09,5.4597392407224607e+08,3.1786759348990017e+01,0.0000000000000000e+00,0.0000000000000000e+00,0.0000000000000000e+00,8.3344163784441504e+12,7.8873133841622471e+12,-2.0750421414774519e+03,
0.0000000000000000e+00,5.1722240408129883e+09,1.3537207135997901e+09,3.3307919997812860e+01,0.0000000000000000e+00,0.0000000000000000e+00,0.0000000000000000e+00,6.5751444849245586e+12,6.7852067966012559e+12,-1.7413236088078083e+00,
0.0000000000000000e+00,2.0999805952927246e+10,1.4963470981487944e+09,2.2348784658297518e+01,0.0000000000000000e+00,0.0000000000000000e+00,0.0000000000000000e+00,8.8062999898214141e+12,6.2095234426640400e+12,-2.2265990664493575e+01,
0.0000000000000000e+00,2.8178758635417988e+12,1.3565890693932128e+09,8.3950888592257252e+03,0.0000000000000000e+00,0.0000000000000000e+00,0.0000000000000000e+00,4.5033496281127852e+12,1.0174651880396543e+13,-5.3469484376210528e+02,
0.0000000000000000e+00,1.2651177944360793e+13,1.1491149032555327e+09,4.2300217823611638e+04,0.0000000000000000e+00,0.0000000000000000e+00,0.0000000000000000e+00,1.4983650675721689e+13,8.3535281050161914e+12,0.0000000000000000e+00,
0.0000000000000000e+00,6.8526729025416230e+12,9.7001977628480628e+07,1.9718948032042186e+04,0.0000000000000000e+00,0.0000000000000000e+00,0.0000000000000000e+00,7.9830756154671621e+12,3.2945145678611567e+12,-8.3446699687512228e+03,

