HyperCLaw-V1.1
10
Ex
Ey
Ez
Bx
By
Bz
jx
jy
jz
rho
1
9.7723856015083461e-14
0
-5.0000000000000004e-06 
6.9999999999999994e-05 

((0) (511) (0)) 
200 
1.4648437499999999e-07 
0
0
0 8 9.7723856015083461e-14
200
-5.0000000000000004e-06 4.3749999999999988e-06
4.3749999999999988e-06 1.3749999999999999e-05
1.3749999999999999e-05 2.3125e-05
2.3125e-05 3.2499999999999997e-05
3.2499999999999997e-05 4.1874999999999995e-05
4.1874999999999995e-05 5.1249999999999999e-05
5.1249999999999999e-05 6.0624999999999996e-05
6.0624999999999996e-05 6.9999999999999994e-05
Level_0/Cell
