1
1
10
0
(8 0
((0) (63) (0))
((64) (127) (0))
((128) (191) (0))
((192) (255) (0))
((256) (319) (0))
((320) (383) (0))
((384) (447) (0))
((448) (511) (0))
)
8
FabOnDisk: Cell_D_00000 0
FabOnDisk: Cell_D_00000 5196
FabOnDisk: Cell_D_00000 10394
FabOnDisk: Cell_D_00000 15593
FabOnDisk: Cell_D_00000 20792
FabOnDisk: Cell_D_00000 25991
FabOnDisk: Cell_D_00000 31190
FabOnDisk: Cell_D_00000 36389

8,10
0.0000000000000000e+00,1.3421755735083008e+09,-2.3244909762418404e+09,5.0916922822234483e+00,0.0000000000000000e+00,0.0000000000000000e+00,0.0000000000000000e+00,-4.3181367800785010e+12,-7.2862724651239209e+12,-5.6516310460908549e+04,
0.0000000000000000e+00,1.5994885892934570e+09,-2.4120380725269718e+09,2.2861534353705792e+00,0.0000000000000000e+00,0.0000000000000000e+00,0.0000000000000000e+00,-4.0941538182724121e+12,-5.4484313995039473e+12,-5.8563839766523481e+04,
0.0000000000000000e+00,2.4381273655712891e+09,-1.3102471033340485e+09,3.8128431611585256e+00,0.0000000000000000e+00,0.0000000000000000e+00,0.0000000000000000e+00,-5.4123827333629375e+12,-5.4897789260946758e+12,-4.1035298746562599e+04,
0.0000000000000000e+00,3.7695776244072266e+09,-9.0431485886699820e+08,-1.4451238015499257e+00,0.0000000000000000e+00,0.0000000000000000e+00,0.0000000000000000e+00,-8.2113636565533418e+12,-1.2594625982296996e+13,-8.6780370786370040e+04,
0.0000000000000000e+00,5.8611563216586914e+09,-1.2725478286498852e+08,-1.2499552449833573e+01,0.0000000000000000e+00,0.0000000000000000e+00,0.0000000000000000e+00,-7.3961987547044033e+12,-5.5329686820269424e+12,-7.2964017031405456e+04,
0.0000000000000000e+00,-2.5349409721502324e+12,-5.0574601966770232e+07,-9.3326726571230447e+03,0.0000000000000000e+00,0.0000000000000000e+00,0.0000000000000000e+00,-1.3561478127343621e+13,-1.0555816294037094e+13,-8.9198123221258487e+04,
0.0000000000000000e+00,-1.2647988716800066e+13,-8.6960353651114798e+08,-4.1991259624951657e+04,0.0000000000000000e+00,0.0000000000000000e+00,0.0000000000000000e+00,-2.1620471450376469e+13,-1.5114221764408375e+13,-1.2719418591423859e+05,
0.0000000000000000e+00,-5.8890427881314336e+12,-7.6101916140844345e+07,-2.2782901321479159e+04,0.0000000000000000e+00,0.0000000000000000e+00,0.0000000000000000e+00,-8.4695462423647021e+12,-3.9571762601578076e+12,-4.6802108207036028e+04,

8,10
0.0000000000000000e+00,4.8120787278310547e+09,-4.3788115608536446e+08,1.8623762635856110e+01,0.0000000000000000e+00,0.0000000000000000e+00,0.0000000000000000e+00,3.3348593406691230e+12,9.0495119831691699e+12,0.0000000000000000e+00,
0.0000000000000000e+00,4.8112249712246094e+09,-6.7655659122991025e+08,1.9570117763520102e+01,0.0000000000000000e+00,0.0000000000000000e+00,0.0000000000000000e+00,3.6518802802099824e+12,5.9887223773862656e+12,0.0000000000000000e+00,
0.0000000000000000e+00,6.2879617752138672e+09,4.8716045041912168e+08,2.0072953304385010e+01,0.0000000000000000e+00,0.0000000000000000e+00,0.0000000000000000e+00,4.0762048212766646e+12,4.8460734923035195e+12,0.0000000000000000e+00,
0.0000000000000000e+00,8.2508278866269531e+09,1.3718339066996286e+09,1.6126033098367770e+01,0.0000000000000000e+00,0.0000000000000000e+00,0.0000000000000000e+00,7.6710476452645781e+12,7.5578290201693682e+12,0.0000000000000000e+00,
0.0000000000000000e+00,1.1739047656036133e+10,1.6630646425853400e+09,8.3276204245357803e+00,0.0000000000000000e+00,0.0000000000000000e+00,0.0000000000000000e+00,5.9123174391339746e+12,7.1843582859284453e+12,-1.2614500331769527e+01,
0.0000000000000000e+00,2.8027218794552090e+12,1.6619401179058335e+09,8.4673471299990342e+03,0.0000000000000000e+00,0.0000000000000000e+00,0.0000000000000000e+00,5.3859542500718516e+12,8.6204843506398535e+12,0.0000000000000000e+00,
0.0000000000000000e+00,1.2590648791496107e+13,1.1114123919196525e+09,4.2195475078600641e+04,0.0000000000000000e+00,0.0000000000000000e+00,0.0000000000000000e+00,2.0042222913358656e+13,1.0119303684712896e+13,-1.5059995096919370e+03,
0.0000000000000000e+00,6.8307512083765859e+12,9.9682835390901521e+07,1.9644030305842985e+04,0.0000000000000000e+00,0.0000000000000000e+00,0.0000000000000000e+00,7.7606565382310059e+12,3.4059964996905859e+12,-8.3446699687510500e+03,

