HyperCLaw-V1.1
9
Ex
Ey
Ez
Bx
By
Bz
jx
jy
jz
2
0
0
-3.0000000000000001e-05 -0.00012 
3.0000000000000001e-05 0.00012 

((0,0) (127,511) (0,0)) 
0 
4.6875000000000001e-07 4.6875000000000001e-07 
0
0
0 4 0
0
-3.0000000000000001e-05 3.0000000000000001e-05
-0.00012 -6.0000000000000002e-05
-3.0000000000000001e-05 3.0000000000000001e-05
-6.0000000000000002e-05 0
-3.0000000000000001e-05 3.0000000000000001e-05
0 6.0000000000000008e-05
-3.0000000000000001e-05 3.0000000000000001e-05
6.0000000000000008e-05 0.00012
Level_0/Cell
