1
1
10
0
(8 0
((0) (63) (0))
((64) (127) (0))
((128) (191) (0))
((192) (255) (0))
((256) (319) (0))
((320) (383) (0))
((384) (447) (0))
((448) (511) (0))
)
8
FabOnDisk: Cell_D_00000 0
FabOnDisk: Cell_D_00000 5196
FabOnDisk: Cell_D_00000 10394
FabOnDisk: Cell_D_00000 15593
FabOnDisk: Cell_D_00000 20792
FabOnDisk: Cell_D_00000 25991
FabOnDisk: Cell_D_00000 31190
FabOnDisk: Cell_D_00000 36389

8,10
0.0000000000000000e+00,-2.6594254704164934e+09,-7.8213066545376282e+09,-1.2133063499424141e+01,0.0000000000000000e+00,0.0000000000000000e+00,0.0000000000000000e+00,-3.0771923631213516e+12,-5.4770059746880664e+12,-3.0554405929025619e+04,
0.0000000000000000e+00,-6.1049505032353201e+09,-1.2199786369063738e+10,-1.5987245092892799e+01,0.0000000000000000e+00,0.0000000000000000e+00,0.0000000000000000e+00,-8.5973828782647314e+12,-6.0073570529355010e+12,-6.1401271460446944e+04,
0.0000000000000000e+00,-7.5816225580808239e+09,-1.2274488314003738e+10,-1.0757690420232922e+01,0.0000000000000000e+00,0.0000000000000000e+00,0.0000000000000000e+00,-6.8221640320302793e+12,-6.3500308025579238e+12,-6.0160138144925571e+04,
0.0000000000000000e+00,-6.1781877132988367e+09,-2.0270093365239158e+09,-4.6509423372493250e+00,0.0000000000000000e+00,0.0000000000000000e+00,0.0000000000000000e+00,-6.1335993404176387e+12,-6.2808170085133320e+12,-4.6789400840670343e+04,
0.0000000000000000e+00,-4.6541853241463194e+09,2.5544032741882521e+08,-8.4412179709072070e+00,0.0000000000000000e+00,0.0000000000000000e+00,0.0000000000000000e+00,-7.3291144508286074e+12,-7.5088535515074141e+12,-9.2825575983515519e+04,
0.0000000000000000e+00,-1.1702773143875857e+13,4.3988262407620370e+08,-4.1722290036013939e+04,0.0000000000000000e+00,0.0000000000000000e+00,0.0000000000000000e+00,-9.0346399510955312e+12,-7.7755053980858799e+12,-6.6095046403105036e+04,
0.0000000000000000e+00,-1.2161287563189785e+13,-1.0879876082116470e+09,-4.3760598805932459e+04,0.0000000000000000e+00,0.0000000000000000e+00,0.0000000000000000e+00,-2.3482713007576691e+13,-2.0753034534811441e+13,-1.1991728885162453e+05,
0.0000000000000000e+00,-1.0213495649819598e+13,-3.1206717954247916e+08,-2.8561984804797408e+04,0.0000000000000000e+00,0.0000000000000000e+00,0.0000000000000000e+00,-9.6559676778740312e+12,-1.1849505974971693e+13,-6.8109326166002254e+04,

8,10
0.0000000000000000e+00,3.3963145612953968e+09,5.6499165608892937e+09,5.9055991265799612e+00,0.0000000000000000e+00,0.0000000000000000e+00,0.0000000000000000e+00,2.7427002669023164e+12,8.0428337096313271e+12,0.0000000000000000e+00,
0.0000000000000000e+00,2.4031974978140574e+09,9.4862536461046181e+09,1.4089997690140240e+01,0.0000000000000000e+00,0.0000000000000000e+00,0.0000000000000000e+00,2.3203563163435742e+12,6.0840163782754697e+12,0.0000000000000000e+00,
0.0000000000000000e+00,-1.3274900268738670e+09,8.3508087675854530e+09,1.4321019315696233e+01,0.0000000000000000e+00,0.0000000000000000e+00,0.0000000000000000e+00,6.2150350841277373e+12,5.3540411984217988e+12,0.0000000000000000e+00,
0.0000000000000000e+00,4.4049672826004982e+07,7.7449657836613359e+09,1.4615085537760514e+01,0.0000000000000000e+00,0.0000000000000000e+00,0.0000000000000000e+00,5.6740332785155771e+12,4.1303110133835938e+12,0.0000000000000000e+00,
0.0000000000000000e+00,2.4468687153690767e+09,1.1431885509012552e+10,1.0364388223679171e+01,0.0000000000000000e+00,0.0000000000000000e+00,0.0000000000000000e+00,6.4878765478807725e+12,1.0358206944290869e+13,0.0000000000000000e+00,
0.0000000000000000e+00,1.2081861714696090e+13,1.1556430533588619e+10,4.4795715130912984e+04,0.0000000000000000e+00,0.0000000000000000e+00,0.0000000000000000e+00,1.0931855000676082e+13,1.1686066002237447e+13,-1.6308783773255020e+03,
0.0000000000000000e+00,1.1668829095451691e+13,1.2017264500264732e+10,4.4805176386999927e+04,0.0000000000000000e+00,0.0000000000000000e+00,0.0000000000000000e+00,9.1042875468722031e+12,1.2231800636449996e+13,-1.9426926663954639e+03,
0.0000000000000000e+00,8.4460923711709092e+12,1.0013887586553337e+10,3.4809350449460122e+04,0.0000000000000000e+00,0.0000000000000000e+00,0.0000000000000000e+00,1.1549483300935174e+13,9.6773240149102266e+12,0.0000000000000000e+00,

