HyperCLaw-V1.1
10
Ex
Ey
Ez
Bx
By
Bz
jx
jy
jz
rho
1
2.4235516291740473e-13
0
-3.9464843750000518e-05 
8.4535156249999528e-05 

((0) (1023) (0)) 
600 
1.2109375000000003e-07 
0
0
0 16 2.4235516291740473e-13
600
-3.9464843750000518e-05 -3.171484375000052e-05
-3.171484375000052e-05 -2.3964843750000514e-05
-2.3964843750000514e-05 -1.6214843750000512e-05
-1.6214843750000512e-05 -8.4648437500005103e-06
-8.4648437500005103e-06 -7.1484375000051162e-07
-7.1484375000051162e-07 7.0351562499994938e-06
7.0351562499994938e-06 1.4785156249999499e-05
1.4785156249999499e-05 2.2535156249999498e-05
2.2535156249999498e-05 3.0285156249999497e-05
3.0285156249999497e-05 3.8035156249999495e-05
3.8035156249999495e-05 4.5785156249999507e-05
4.5785156249999507e-05 5.3535156249999506e-05
5.3535156249999506e-05 6.1285156249999505e-05
6.1285156249999505e-05 6.9035156249999517e-05
6.9035156249999517e-05 7.6785156249999515e-05
7.6785156249999515e-05 8.4535156249999514e-05
Level_0/Cell
