# Case 3
#
# Col. 1 Mesh point coordinate                           ( m )
# Col. 2 Electron density, mean                          ( m^{-3} )
# Col. 3 Electron density, mean standard deviation       ( m^{-3} )
# Col. 4 Electron density, population standard deviation ( m^{-3} )
# Col. 5 Ion density, mean                               ( m^{-3} )
# Col. 6 Ion density, mean standard deviation            ( m^{-3} )
# Col. 7 Ion density, population standard deviation      ( m^{-3} )
0 2.47455e+12 1.86518e+09 4.71858e+10 1.15041e+14 5.30202e+10 1.34132e+12
0.000130859 3.22655e+12 2.22543e+09 5.62993e+10 1.15964e+14 4.47905e+10 1.13312e+12
0.000261718 4.25394e+12 2.7389e+09 6.92894e+10 1.1713e+14 4.4978e+10 1.13786e+12
0.000392577 5.29643e+12 3.22715e+09 8.16412e+10 1.18441e+14 4.51139e+10 1.1413e+12
0.000523436 6.39081e+12 3.58896e+09 9.07943e+10 1.19657e+14 4.61139e+10 1.1666e+12
0.000654295 7.54618e+12 3.98409e+09 1.00791e+11 1.20922e+14 4.68565e+10 1.18539e+12
0.000785154 8.76993e+12 4.13408e+09 1.04585e+11 1.22267e+14 4.63054e+10 1.17144e+12
0.000916013 1.00606e+13 4.6049e+09 1.16496e+11 1.23666e+14 4.93913e+10 1.24951e+12
0.00104687 1.14142e+13 4.9661e+09 1.25633e+11 1.25056e+14 5.0239e+10 1.27096e+12
0.00117773 1.28455e+13 5.34773e+09 1.35288e+11 1.26387e+14 4.89441e+10 1.2382e+12
0.00130859 1.43468e+13 5.53108e+09 1.39926e+11 1.27886e+14 5.10109e+10 1.29048e+12
0.00143945 1.59186e+13 5.72323e+09 1.44787e+11 1.29417e+14 5.31487e+10 1.34457e+12
0.00157031 1.75601e+13 6.01886e+09 1.52266e+11 1.3102e+14 5.21294e+10 1.31878e+12
0.00170117 1.9259e+13 6.32341e+09 1.59971e+11 1.32721e+14 5.38684e+10 1.36277e+12
0.00183203 2.10299e+13 6.67642e+09 1.68902e+11 1.34239e+14 5.19874e+10 1.31519e+12
0.00196288 2.28589e+13 7.12922e+09 1.80357e+11 1.35928e+14 5.32753e+10 1.34777e+12
0.00209374 2.4757e+13 7.46495e+09 1.8885e+11 1.37755e+14 5.58384e+10 1.41261e+12
0.0022246 2.67203e+13 7.62516e+09 1.92903e+11 1.39597e+14 5.68483e+10 1.43816e+12
0.00235546 2.87446e+13 8.20928e+09 2.0768e+11 1.41451e+14 5.6404e+10 1.42692e+12
0.00248632 3.08325e+13 8.64393e+09 2.18676e+11 1.43428e+14 6.019e+10 1.5227e+12
0.00261718 3.29911e+13 8.82759e+09 2.23322e+11 1.45457e+14 5.67506e+10 1.43569e+12
0.00274804 3.52173e+13 9.40882e+09 2.38026e+11 1.47477e+14 5.86632e+10 1.48408e+12
0.0028789 3.75143e+13 9.92812e+09 2.51164e+11 1.49526e+14 6.08237e+10 1.53873e+12
0.00300976 3.98887e+13 1.02552e+10 2.59439e+11 1.51751e+14 6.13796e+10 1.5528e+12
0.00314062 4.23311e+13 1.08994e+10 2.75735e+11 1.54015e+14 6.31143e+10 1.59668e+12
0.00327147 4.48601e+13 1.14567e+10 2.89834e+11 1.563e+14 6.44241e+10 1.62981e+12
0.00340233 4.74702e+13 1.19008e+10 3.01069e+11 1.58802e+14 6.09755e+10 1.54257e+12
0.00353319 5.01802e+13 1.25633e+10 3.1783e+11 1.61474e+14 6.13076e+10 1.55097e+12
0.00366405 5.29899e+13 1.31036e+10 3.31497e+11 1.63966e+14 6.22988e+10 1.57605e+12
0.00379491 5.5906e+13 1.34231e+10 3.39579e+11 1.66615e+14 6.59771e+10 1.6691e+12
0.00392577 5.89469e+13 1.40881e+10 3.56403e+11 1.69631e+14 6.98431e+10 1.76691e+12
0.00405663 6.2104e+13 1.48899e+10 3.76687e+11 1.72428e+14 7.10866e+10 1.79837e+12
0.00418749 6.53984e+13 1.59106e+10 4.02511e+11 1.75502e+14 7.25618e+10 1.83568e+12
0.00431835 6.88459e+13 1.69611e+10 4.29085e+11 1.7878e+14 6.954e+10 1.75924e+12
0.00444921 7.24697e+13 1.77347e+10 4.48656e+11 1.8224e+14 7.58335e+10 1.91845e+12
0.00458006 7.62787e+13 1.85319e+10 4.68825e+11 1.85642e+14 7.65523e+10 1.93664e+12
0.00471092 8.02782e+13 1.99847e+10 5.05577e+11 1.89441e+14 7.90838e+10 2.00068e+12
0.00484178 8.44757e+13 2.1794e+10 5.5135e+11 1.934e+14 7.69363e+10 1.94635e+12
0.00497264 8.89141e+13 2.29845e+10 5.81466e+11 1.97445e+14 7.90922e+10 2.00089e+12
0.0051035 9.36135e+13 2.42338e+10 6.13073e+11 2.01581e+14 7.86616e+10 1.99e+12
0.00523436 9.86055e+13 2.61924e+10 6.62621e+11 2.06048e+14 8.53642e+10 2.15956e+12
0.00536522 1.03923e+14 2.7274e+10 6.89985e+11 2.10913e+14 8.65066e+10 2.18846e+12
0.00549608 1.09586e+14 2.87274e+10 7.26752e+11 2.15983e+14 8.70752e+10 2.20285e+12
0.00562694 1.1563e+14 3.09567e+10 7.8315e+11 2.21274e+14 8.7423e+10 2.21165e+12
0.0057578 1.22112e+14 3.29584e+10 8.33788e+11 2.27015e+14 9.0461e+10 2.2885e+12
0.00588865 1.2909e+14 3.5392e+10 8.95354e+11 2.33076e+14 9.14717e+10 2.31407e+12
0.00601951 1.36617e+14 3.81422e+10 9.64931e+11 2.39454e+14 9.93592e+10 2.51361e+12
0.00615037 1.44742e+14 4.07433e+10 1.03073e+12 2.46342e+14 9.81834e+10 2.48386e+12
0.00628123 1.53538e+14 4.4232e+10 1.11899e+12 2.53593e+14 9.67364e+10 2.44726e+12
0.00641209 1.63096e+14 4.81226e+10 1.21742e+12 2.61343e+14 9.98414e+10 2.52581e+12
0.00654295 1.7348e+14 5.17473e+10 1.30912e+12 2.69564e+14 1.1072e+11 2.80103e+12
0.00667381 1.84731e+14 5.61673e+10 1.42093e+12 2.78283e+14 1.11001e+11 2.80813e+12
0.00680467 1.96888e+14 6.06721e+10 1.5349e+12 2.87603e+14 1.18042e+11 2.98625e+12
0.00693553 2.09989e+14 6.55328e+10 1.65786e+12 2.97726e+14 1.20406e+11 3.04605e+12
0.00706639 2.24041e+14 7.00921e+10 1.77321e+12 3.08413e+14 1.24593e+11 3.15198e+12
0.00719724 2.38985e+14 7.53956e+10 1.90737e+12 3.19391e+14 1.33083e+11 3.36676e+12
0.0073281 2.54824e+14 8.00724e+10 2.02569e+12 3.31325e+14 1.36538e+11 3.45416e+12
0.00745896 2.715e+14 8.49235e+10 2.14841e+12 3.44012e+14 1.40035e+11 3.54263e+12
0.00758982 2.88953e+14 8.95583e+10 2.26566e+12 3.57376e+14 1.43935e+11 3.64131e+12
0.00772068 3.0705e+14 9.36761e+10 2.36984e+12 3.71222e+14 1.48411e+11 3.75453e+12
0.00785154 3.25758e+14 9.69101e+10 2.45165e+12 3.85412e+14 1.53034e+11 3.8715e+12
0.0079824 3.4502e+14 1.01052e+11 2.55644e+12 4.00529e+14 1.58053e+11 3.99847e+12
0.00811326 3.64717e+14 1.05951e+11 2.68038e+12 4.16338e+14 1.60826e+11 4.06862e+12
0.00824412 3.84686e+14 1.08935e+11 2.75587e+12 4.32155e+14 1.73806e+11 4.39698e+12
0.00837498 4.04862e+14 1.11525e+11 2.82139e+12 4.48682e+14 1.81022e+11 4.57954e+12
0.00850583 4.25159e+14 1.13134e+11 2.8621e+12 4.65271e+14 1.84779e+11 4.67459e+12
0.00863669 4.45517e+14 1.14842e+11 2.9053e+12 4.822e+14 1.89436e+11 4.7924e+12
0.00876755 4.65876e+14 1.17569e+11 2.97428e+12 4.99729e+14 2.02845e+11 5.13161e+12
0.00889841 4.86105e+14 1.19096e+11 3.01293e+12 5.16932e+14 2.01151e+11 5.08876e+12
0.00902927 5.06261e+14 1.19718e+11 3.02866e+12 5.34363e+14 2.02528e+11 5.1236e+12
0.00916013 5.26222e+14 1.22053e+11 3.08773e+12 5.51782e+14 2.02186e+11 5.11495e+12
0.00929099 5.45954e+14 1.2216e+11 3.09043e+12 5.69802e+14 2.03983e+11 5.16041e+12
0.00942185 5.65481e+14 1.21807e+11 3.08149e+12 5.87292e+14 2.12246e+11 5.36944e+12
0.00955271 5.84761e+14 1.21916e+11 3.08426e+12 6.04901e+14 2.13072e+11 5.39035e+12
0.00968357 6.03815e+14 1.22616e+11 3.10196e+12 6.21928e+14 2.1755e+11 5.50362e+12
0.00981442 6.22628e+14 1.24175e+11 3.1414e+12 6.39834e+14 2.30344e+11 5.82729e+12
0.00994528 6.41158e+14 1.24418e+11 3.14755e+12 6.57046e+14 2.23942e+11 5.66533e+12
0.0100761 6.59406e+14 1.26037e+11 3.1885e+12 6.73954e+14 2.37078e+11 5.99765e+12
0.010207 6.77416e+14 1.27335e+11 3.22135e+12 6.9084e+14 2.48532e+11 6.28741e+12
0.0103379 6.95164e+14 1.2775e+11 3.23184e+12 7.07696e+14 2.40186e+11 6.07627e+12
0.0104687 7.12634e+14 1.27209e+11 3.21816e+12 7.24908e+14 2.50338e+11 6.3331e+12
0.0105996 7.29806e+14 1.27314e+11 3.22081e+12 7.40716e+14 2.45397e+11 6.2081e+12
0.0107304 7.46706e+14 1.27758e+11 3.23204e+12 7.57263e+14 2.45357e+11 6.2071e+12
0.0108613 7.63403e+14 1.31575e+11 3.32861e+12 7.73425e+14 2.51862e+11 6.37165e+12
0.0109922 7.79826e+14 1.33496e+11 3.3772e+12 7.88642e+14 2.66547e+11 6.74315e+12
0.011123 7.96027e+14 1.33289e+11 3.37197e+12 8.04344e+14 2.68435e+11 6.79094e+12
0.0112539 8.11951e+14 1.32828e+11 3.36031e+12 8.20114e+14 2.6622e+11 6.7349e+12
0.0113847 8.27634e+14 1.32974e+11 3.364e+12 8.35535e+14 2.58075e+11 6.52885e+12
0.0115156 8.43124e+14 1.33875e+11 3.38679e+12 8.49891e+14 2.68965e+11 6.80434e+12
0.0116465 8.58346e+14 1.31867e+11 3.33601e+12 8.65078e+14 2.67743e+11 6.77343e+12
0.0117773 8.73346e+14 1.31074e+11 3.31595e+12 8.79793e+14 2.58915e+11 6.55008e+12
0.0119082 8.88187e+14 1.31948e+11 3.33804e+12 8.94533e+14 2.57595e+11 6.51669e+12
0.012039 9.028e+14 1.3357e+11 3.37909e+12 9.08511e+14 2.72272e+11 6.88801e+12
0.0121699 9.17182e+14 1.34982e+11 3.41479e+12 9.22466e+14 2.74475e+11 6.94374e+12
0.0123007 9.31321e+14 1.36296e+11 3.44805e+12 9.36872e+14 2.73777e+11 6.92608e+12
0.0124316 9.45354e+14 1.37979e+11 3.49064e+12 9.50268e+14 3.03005e+11 7.66549e+12
0.0125625 9.59175e+14 1.38339e+11 3.49974e+12 9.63795e+14 2.74788e+11 6.95165e+12
0.0126933 9.72729e+14 1.36328e+11 3.44886e+12 9.77189e+14 2.66012e+11 6.72963e+12
0.0128242 9.86153e+14 1.35039e+11 3.41625e+12 9.90608e+14 2.66196e+11 6.73429e+12
0.012955 9.99419e+14 1.34326e+11 3.39822e+12 1.00346e+15 2.82405e+11 7.14435e+12
0.0130859 1.01244e+15 1.3367e+11 3.38161e+12 1.01672e+15 2.77509e+11 7.02049e+12
0.0132168 1.02527e+15 1.32706e+11 3.35723e+12 1.02925e+15 2.76689e+11 6.99973e+12
0.0133476 1.03796e+15 1.34549e+11 3.40386e+12 1.04154e+15 2.73662e+11 6.92317e+12
0.0134785 1.05053e+15 1.32465e+11 3.35112e+12 1.05409e+15 2.86067e+11 7.237e+12
0.0136093 1.06287e+15 1.32187e+11 3.3441e+12 1.06647e+15 2.8633e+11 7.24365e+12
0.0137402 1.07506e+15 1.32858e+11 3.36107e+12 1.07851e+15 2.7398e+11 6.93122e+12
0.0138711 1.08709e+15 1.33503e+11 3.37739e+12 1.08999e+15 2.92676e+11 7.40418e+12
0.0140019 1.09897e+15 1.32862e+11 3.36118e+12 1.10175e+15 2.90841e+11 7.35775e+12
0.0141328 1.11068e+15 1.31188e+11 3.31883e+12 1.11405e+15 2.91251e+11 7.36812e+12
0.0142636 1.12226e+15 1.30455e+11 3.30029e+12 1.12498e+15 2.93241e+11 7.41848e+12
0.0143945 1.1337e+15 1.31899e+11 3.33681e+12 1.13635e+15 2.77982e+11 7.03244e+12
0.0145253 1.14498e+15 1.33068e+11 3.36638e+12 1.14811e+15 2.79488e+11 7.07054e+12
0.0146562 1.15606e+15 1.34429e+11 3.40082e+12 1.15815e+15 2.84925e+11 7.2081e+12
0.0147871 1.16703e+15 1.34223e+11 3.3956e+12 1.16957e+15 3.04319e+11 7.69872e+12
0.0149179 1.17788e+15 1.32443e+11 3.35058e+12 1.18048e+15 2.84793e+11 7.20474e+12
0.0150488 1.18856e+15 1.33535e+11 3.37821e+12 1.1908e+15 3.01833e+11 7.63584e+12
0.0151796 1.19908e+15 1.35161e+11 3.41932e+12 1.20155e+15 2.79925e+11 7.0816e+12
0.0153105 1.20952e+15 1.35923e+11 3.4386e+12 1.21181e+15 3.01606e+11 7.63011e+12
0.0154414 1.21978e+15 1.3795e+11 3.48989e+12 1.22162e+15 2.99123e+11 7.56727e+12
0.0155722 1.22993e+15 1.37954e+11 3.48998e+12 1.23215e+15 2.84034e+11 7.18556e+12
0.0157031 1.23996e+15 1.37154e+11 3.46974e+12 1.24175e+15 3.05318e+11 7.72399e+12
0.0158339 1.24986e+15 1.3801e+11 3.4914e+12 1.25234e+15 2.93398e+11 7.42245e+12
0.0159648 1.25961e+15 1.38388e+11 3.50097e+12 1.26151e+15 2.89334e+11 7.31963e+12
0.0160957 1.26915e+15 1.39602e+11 3.53169e+12 1.27062e+15 2.95965e+11 7.48739e+12
0.0162265 1.27866e+15 1.38351e+11 3.50004e+12 1.28048e+15 3.11659e+11 7.88441e+12
0.0163574 1.28806e+15 1.3883e+11 3.51216e+12 1.29009e+15 2.91305e+11 7.36951e+12
0.0164882 1.29728e+15 1.41663e+11 3.58382e+12 1.29923e+15 3.12751e+11 7.91206e+12
0.0166191 1.30635e+15 1.41813e+11 3.58761e+12 1.30763e+15 2.87614e+11 7.27613e+12
0.01675 1.31535e+15 1.4232e+11 3.60043e+12 1.31735e+15 3.00376e+11 7.59899e+12
0.0168808 1.32431e+15 1.42268e+11 3.59914e+12 1.32548e+15 3.05129e+11 7.71921e+12
0.0170117 1.33308e+15 1.41808e+11 3.58749e+12 1.33452e+15 3.07159e+11 7.77059e+12
0.0171425 1.34181e+15 1.42896e+11 3.61501e+12 1.34376e+15 3.09782e+11 7.83693e+12
0.0172734 1.35041e+15 1.44269e+11 3.64974e+12 1.35177e+15 3.05804e+11 7.7363e+12
0.0174042 1.35889e+15 1.4345e+11 3.62902e+12 1.36006e+15 3.00355e+11 7.59844e+12
0.0175351 1.3672e+15 1.43095e+11 3.62005e+12 1.36863e+15 2.94049e+11 7.43892e+12
0.017666 1.37541e+15 1.44162e+11 3.64703e+12 1.37721e+15 3.079e+11 7.78931e+12
0.0177968 1.38353e+15 1.44611e+11 3.6584e+12 1.38426e+15 3.23526e+11 8.18462e+12
0.0179277 1.39159e+15 1.43515e+11 3.63067e+12 1.39347e+15 3.04229e+11 7.69646e+12
0.0180585 1.39954e+15 1.43043e+11 3.61872e+12 1.4006e+15 3.04835e+11 7.71178e+12
0.0181894 1.40731e+15 1.4457e+11 3.65736e+12 1.40874e+15 3.07034e+11 7.7674e+12
0.0183203 1.41505e+15 1.43124e+11 3.62079e+12 1.416e+15 3.02794e+11 7.66015e+12
0.0184511 1.42265e+15 1.4105e+11 3.56833e+12 1.42414e+15 3.08124e+11 7.79498e+12
0.018582 1.43015e+15 1.41347e+11 3.57583e+12 1.43144e+15 3.08503e+11 7.80458e+12
0.0187128 1.43753e+15 1.41439e+11 3.57816e+12 1.43829e+15 3.20615e+11 8.111e+12
0.0188437 1.44482e+15 1.41535e+11 3.58059e+12 1.44605e+15 3.05549e+11 7.72985e+12
0.0189746 1.45208e+15 1.40887e+11 3.56419e+12 1.45294e+15 2.99113e+11 7.56704e+12
0.0191054 1.45922e+15 1.41195e+11 3.57199e+12 1.46074e+15 3.07401e+11 7.77671e+12
0.0192363 1.46625e+15 1.41866e+11 3.58896e+12 1.46699e+15 3.00887e+11 7.61192e+12
0.0193671 1.47314e+15 1.42438e+11 3.60343e+12 1.47446e+15 3.03722e+11 7.68364e+12
0.019498 1.47993e+15 1.43151e+11 3.62147e+12 1.48096e+15 3.10623e+11 7.85822e+12
0.0196288 1.48668e+15 1.43904e+11 3.64051e+12 1.48758e+15 3.24906e+11 8.21953e+12
0.0197597 1.49331e+15 1.4221e+11 3.59767e+12 1.49406e+15 2.97318e+11 7.52163e+12
0.0198906 1.4999e+15 1.40832e+11 3.56279e+12 1.50111e+15 3.04698e+11 7.70833e+12
0.0200214 1.50633e+15 1.41172e+11 3.5714e+12 1.5073e+15 3.13507e+11 7.93117e+12
0.0201523 1.51273e+15 1.41003e+11 3.56713e+12 1.51361e+15 3.14682e+11 7.96088e+12
0.0202831 1.51905e+15 1.42041e+11 3.59339e+12 1.51972e+15 3.18168e+11 8.04908e+12
0.020414 1.52524e+15 1.41224e+11 3.57271e+12 1.52629e+15 3.00142e+11 7.59306e+12
0.0205449 1.53141e+15 1.41308e+11 3.57483e+12 1.53237e+15 3.09996e+11 7.84234e+12
0.0206757 1.53749e+15 1.42086e+11 3.59451e+12 1.53844e+15 3.08995e+11 7.81702e+12
0.0208066 1.54342e+15 1.4313e+11 3.62094e+12 1.54424e+15 3.00386e+11 7.59922e+12
0.0209374 1.54928e+15 1.4011e+11 3.54454e+12 1.55024e+15 3.02015e+11 7.64043e+12
0.0210683 1.55507e+15 1.39635e+11 3.53251e+12 1.55565e+15 3.13144e+11 7.92197e+12
0.0211992 1.5608e+15 1.40527e+11 3.55509e+12 1.56149e+15 3.00536e+11 7.60302e+12
0.02133 1.56648e+15 1.39878e+11 3.53866e+12 1.56745e+15 3.02212e+11 7.64544e+12
0.0214609 1.57201e+15 1.39101e+11 3.51901e+12 1.57321e+15 3.10809e+11 7.8629e+12
0.0215917 1.57744e+15 1.39162e+11 3.52056e+12 1.57747e+15 3.08339e+11 7.80044e+12
0.0217226 1.5828e+15 1.40243e+11 3.5479e+12 1.58389e+15 2.96457e+11 7.49985e+12
0.0218535 1.58811e+15 1.39065e+11 3.51809e+12 1.58872e+15 3.00852e+11 7.61102e+12
0.0219843 1.59335e+15 1.39936e+11 3.54012e+12 1.59405e+15 3.13485e+11 7.9306e+12
0.0221152 1.59853e+15 1.39516e+11 3.52951e+12 1.59926e+15 2.98099e+11 7.54137e+12
0.022246 1.60364e+15 1.40345e+11 3.55047e+12 1.60438e+15 2.93073e+11 7.41424e+12
0.0223769 1.60865e+15 1.40892e+11 3.56433e+12 1.60929e+15 3.07835e+11 7.78767e+12
0.0225077 1.61357e+15 1.39734e+11 3.53502e+12 1.61431e+15 3.16221e+11 7.99983e+12
0.0226386 1.61839e+15 1.39425e+11 3.52721e+12 1.61916e+15 3.16595e+11 8.00928e+12
0.0227695 1.62319e+15 1.42566e+11 3.60667e+12 1.62331e+15 3.29994e+11 8.34826e+12
0.0229003 1.62788e+15 1.4328e+11 3.62474e+12 1.62933e+15 3.14944e+11 7.96753e+12
0.0230312 1.63251e+15 1.42036e+11 3.59327e+12 1.63286e+15 3.20992e+11 8.12052e+12
0.023162 1.6371e+15 1.41252e+11 3.57341e+12 1.63775e+15 3.17108e+11 8.02226e+12
0.0232929 1.64156e+15 1.41978e+11 3.5918e+12 1.64214e+15 3.25022e+11 8.22248e+12
0.0234238 1.64596e+15 1.44559e+11 3.65708e+12 1.64655e+15 3.07887e+11 7.78899e+12
0.0235546 1.65028e+15 1.42874e+11 3.61446e+12 1.65083e+15 3.19692e+11 8.08764e+12
0.0236855 1.65453e+15 1.45208e+11 3.67351e+12 1.65487e+15 3.20848e+11 8.11688e+12
0.0238163 1.65877e+15 1.44208e+11 3.64822e+12 1.65997e+15 3.09439e+11 7.82827e+12
0.0239472 1.66294e+15 1.41832e+11 3.5881e+12 1.66344e+15 3.14945e+11 7.96754e+12
0.0240781 1.66703e+15 1.42019e+11 3.59282e+12 1.66712e+15 2.9879e+11 7.55886e+12
0.0242089 1.67105e+15 1.45414e+11 3.67871e+12 1.67214e+15 3.12514e+11 7.90606e+12
0.0243398 1.67499e+15 1.47336e+11 3.72733e+12 1.67507e+15 3.18926e+11 8.06827e+12
0.0244706 1.67881e+15 1.44341e+11 3.65157e+12 1.6795e+15 3.03127e+11 7.66857e+12
0.0246015 1.68264e+15 1.47112e+11 3.72168e+12 1.68371e+15 3.21185e+11 8.12542e+12
0.0247324 1.68633e+15 1.48057e+11 3.74558e+12 1.68633e+15 3.32415e+11 8.4095e+12
0.0248632 1.69001e+15 1.48281e+11 3.75124e+12 1.69055e+15 3.31926e+11 8.39713e+12
0.0249941 1.69366e+15 1.46324e+11 3.70173e+12 1.69468e+15 3.18804e+11 8.06517e+12
0.0251249 1.69721e+15 1.45879e+11 3.69049e+12 1.69726e+15 3.03719e+11 7.68354e+12
0.0252558 1.70067e+15 1.46613e+11 3.70904e+12 1.70138e+15 3.19799e+11 8.09035e+12
0.0253866 1.70405e+15 1.46719e+11 3.71173e+12 1.70425e+15 3.2316e+11 8.17537e+12
0.0255175 1.70738e+15 1.47411e+11 3.72923e+12 1.70817e+15 3.25636e+11 8.23802e+12
0.0256484 1.71066e+15 1.46419e+11 3.70414e+12 1.71091e+15 3.10293e+11 7.84985e+12
0.0257792 1.71387e+15 1.476e+11 3.73403e+12 1.7145e+15 3.0617e+11 7.74557e+12
0.0259101 1.71706e+15 1.48534e+11 3.75765e+12 1.71744e+15 3.22232e+11 8.15191e+12
0.0260409 1.72012e+15 1.49551e+11 3.78338e+12 1.72079e+15 3.24373e+11 8.20607e+12
0.0261718 1.72319e+15 1.48713e+11 3.76217e+12 1.72366e+15 3.18589e+11 8.05974e+12
0.0263027 1.72619e+15 1.50184e+11 3.7994e+12 1.72641e+15 3.09192e+11 7.82201e+12
0.0264335 1.72912e+15 1.4919e+11 3.77424e+12 1.72988e+15 3.16424e+11 8.00498e+12
0.0265644 1.73193e+15 1.49064e+11 3.77105e+12 1.7321e+15 3.18972e+11 8.06943e+12
0.0266952 1.73474e+15 1.487e+11 3.76185e+12 1.7352e+15 3.2066e+11 8.11213e+12
0.0268261 1.73752e+15 1.49112e+11 3.77228e+12 1.73808e+15 3.13762e+11 7.93763e+12
0.026957 1.74028e+15 1.48337e+11 3.75266e+12 1.74078e+15 3.22183e+11 8.15067e+12
0.0270878 1.74294e+15 1.47789e+11 3.73879e+12 1.7433e+15 3.12773e+11 7.9126e+12
0.0272187 1.7455e+15 1.45555e+11 3.68227e+12 1.74595e+15 3.17494e+11 8.03202e+12
0.0273495 1.74796e+15 1.47033e+11 3.71967e+12 1.74842e+15 3.34476e+11 8.46164e+12
0.0274804 1.75047e+15 1.46782e+11 3.71333e+12 1.7507e+15 3.00338e+11 7.59803e+12
0.0276112 1.7529e+15 1.4745e+11 3.73022e+12 1.75333e+15 3.20084e+11 8.09756e+12
0.0277421 1.75526e+15 1.48765e+11 3.76348e+12 1.75577e+15 3.26886e+11 8.26964e+12
0.027873 1.7576e+15 1.49065e+11 3.77107e+12 1.75815e+15 3.17107e+11 8.02224e+12
0.0280038 1.75983e+15 1.46541e+11 3.70723e+12 1.76003e+15 3.17729e+11 8.03797e+12
0.0281347 1.76194e+15 1.48151e+11 3.74797e+12 1.76229e+15 3.24213e+11 8.20202e+12
0.0282655 1.76402e+15 1.50254e+11 3.80117e+12 1.76495e+15 3.32592e+11 8.41399e+12
0.0283964 1.76613e+15 1.48046e+11 3.74531e+12 1.76609e+15 3.23469e+11 8.18319e+12
0.0285273 1.76817e+15 1.43394e+11 3.62761e+12 1.76847e+15 3.13994e+11 7.94348e+12
0.0286581 1.77006e+15 1.43471e+11 3.62956e+12 1.77077e+15 3.21664e+11 8.13752e+12
0.028789 1.77195e+15 1.4445e+11 3.65432e+12 1.77225e+15 3.20494e+11 8.10793e+12
0.0289198 1.77382e+15 1.44323e+11 3.65111e+12 1.77388e+15 3.22766e+11 8.1654e+12
0.0290507 1.77563e+15 1.43453e+11 3.6291e+12 1.77625e+15 3.17259e+11 8.02609e+12
0.0291816 1.77735e+15 1.43338e+11 3.62619e+12 1.77783e+15 3.20858e+11 8.11715e+12
0.0293124 1.77905e+15 1.42011e+11 3.59263e+12 1.77962e+15 3.27828e+11 8.29346e+12
0.0294433 1.78069e+15 1.41435e+11 3.57805e+12 1.7806e+15 3.21836e+11 8.14188e+12
0.0295741 1.78226e+15 1.41739e+11 3.58574e+12 1.78306e+15 3.19387e+11 8.07992e+12
0.029705 1.78376e+15 1.40678e+11 3.55891e+12 1.78384e+15 3.1744e+11 8.03067e+12
0.0298359 1.78525e+15 1.39614e+11 3.53198e+12 1.7857e+15 3.04991e+11 7.71572e+12
0.0299667 1.78664e+15 1.40927e+11 3.56521e+12 1.78701e+15 3.20796e+11 8.11558e+12
0.0300976 1.78801e+15 1.41331e+11 3.57542e+12 1.78828e+15 3.16804e+11 8.01457e+12
0.0302284 1.78929e+15 1.39196e+11 3.52142e+12 1.7897e+15 3.2064e+11 8.11161e+12
0.0303593 1.79059e+15 1.39392e+11 3.52638e+12 1.79103e+15 3.28211e+11 8.30315e+12
0.0304901 1.79179e+15 1.39152e+11 3.52029e+12 1.79219e+15 3.29505e+11 8.33588e+12
0.030621 1.79293e+15 1.40441e+11 3.5529e+12 1.79314e+15 3.24779e+11 8.21632e+12
0.0307519 1.79407e+15 1.42321e+11 3.60046e+12 1.79441e+15 3.06717e+11 7.7594e+12
0.0308827 1.79512e+15 1.41358e+11 3.5761e+12 1.79575e+15 3.25629e+11 8.23783e+12
0.0310136 1.79603e+15 1.39824e+11 3.53731e+12 1.79629e+15 3.07171e+11 7.77087e+12
0.0311444 1.79697e+15 1.38299e+11 3.49871e+12 1.79718e+15 3.21318e+11 8.12878e+12
0.0312753 1.79794e+15 1.37689e+11 3.48328e+12 1.79822e+15 3.21435e+11 8.13174e+12
0.0314062 1.79879e+15 1.38529e+11 3.50453e+12 1.79943e+15 3.28133e+11 8.30117e+12
0.031537 1.79953e+15 1.39401e+11 3.5266e+12 1.79991e+15 3.22973e+11 8.17065e+12
0.0316679 1.8003e+15 1.40246e+11 3.54797e+12 1.80041e+15 3.0065e+11 7.60591e+12
0.0317987 1.80096e+15 1.37837e+11 3.48704e+12 1.80144e+15 3.08998e+11 7.81709e+12
0.0319296 1.80158e+15 1.38129e+11 3.49441e+12 1.8017e+15 3.06046e+11 7.74242e+12
0.0320605 1.80213e+15 1.3679e+11 3.46054e+12 1.80286e+15 3.05889e+11 7.73846e+12
0.0321913 1.80266e+15 1.37598e+11 3.48099e+12 1.80251e+15 3.16745e+11 8.01309e+12
0.0323222 1.80318e+15 1.37409e+11 3.47621e+12 1.80391e+15 3.20146e+11 8.09913e+12
0.032453 1.80361e+15 1.35542e+11 3.42896e+12 1.80371e+15 3.09457e+11 7.82872e+12
0.0325839 1.80393e+15 1.36019e+11 3.44105e+12 1.80464e+15 3.0909e+11 7.81943e+12
0.0327147 1.80426e+15 1.36422e+11 3.45124e+12 1.80422e+15 3.08672e+11 7.80884e+12
0.0328456 1.80462e+15 1.34928e+11 3.41344e+12 1.80499e+15 3.10261e+11 7.84905e+12
0.0329765 1.80476e+15 1.3492e+11 3.41322e+12 1.80529e+15 3.23422e+11 8.182e+12
0.0331073 1.80494e+15 1.33347e+11 3.37343e+12 1.8053e+15 3.11197e+11 7.87274e+12
0.0332382 1.80508e+15 1.32329e+11 3.3477e+12 1.80508e+15 3.14828e+11 7.9646e+12
0.033369 1.80509e+15 1.32119e+11 3.34236e+12 1.80577e+15 3.02237e+11 7.64605e+12
0.0334999 1.80515e+15 1.33146e+11 3.36837e+12 1.8053e+15 3.37142e+11 8.52909e+12
0.0336308 1.80514e+15 1.3389e+11 3.38718e+12 1.80551e+15 3.05636e+11 7.73205e+12
0.0337616 1.80504e+15 1.35039e+11 3.41626e+12 1.80522e+15 3.17454e+11 8.03102e+12
0.0338925 1.80491e+15 1.3431e+11 3.39781e+12 1.80531e+15 3.21913e+11 8.14383e+12
0.0340233 1.80472e+15 1.34332e+11 3.39837e+12 1.80543e+15 3.06702e+11 7.75901e+12
0.0341542 1.80443e+15 1.35777e+11 3.43491e+12 1.80443e+15 3.10202e+11 7.84755e+12
0.0342851 1.80413e+15 1.37204e+11 3.47102e+12 1.80436e+15 3.10426e+11 7.85322e+12
0.0344159 1.80382e+15 1.37101e+11 3.46841e+12 1.80465e+15 3.25833e+11 8.243e+12
0.0345468 1.80347e+15 1.38028e+11 3.49185e+12 1.80366e+15 3.10342e+11 7.8511e+12
0.0346776 1.80305e+15 1.38387e+11 3.50095e+12 1.80299e+15 3.11567e+11 7.88209e+12
0.0348085 1.80254e+15 1.38781e+11 3.51092e+12 1.80306e+15 3.08545e+11 7.80564e+12
0.0349394 1.80202e+15 1.37857e+11 3.48754e+12 1.80241e+15 3.17439e+11 8.03065e+12
0.0350702 1.80141e+15 1.35695e+11 3.43285e+12 1.80174e+15 3.17967e+11 8.04401e+12
0.0352011 1.80071e+15 1.37417e+11 3.47641e+12 1.80149e+15 3.13024e+11 7.91894e+12
0.0353319 1.80001e+15 1.39334e+11 3.5249e+12 1.7999e+15 3.2424e+11 8.20269e+12
0.0354628 1.7993e+15 1.39579e+11 3.5311e+12 1.79957e+15 3.20844e+11 8.11679e+12
0.0355936 1.79855e+15 1.37584e+11 3.48063e+12 1.7992e+15 3.18142e+11 8.04843e+12
0.0357245 1.7977e+15 1.36007e+11 3.44073e+12 1.79782e+15 3.03606e+11 7.68069e+12
0.0358554 1.79685e+15 1.33987e+11 3.38963e+12 1.79748e+15 3.18857e+11 8.06651e+12
0.0359862 1.79584e+15 1.35946e+11 3.4392e+12 1.79594e+15 3.13793e+11 7.9384e+12
0.0361171 1.79478e+15 1.36106e+11 3.44325e+12 1.79555e+15 3.17929e+11 8.04304e+12
0.0362479 1.79367e+15 1.36551e+11 3.4545e+12 1.79358e+15 3.25715e+11 8.24e+12
0.0363788 1.79256e+15 1.37889e+11 3.48836e+12 1.79318e+15 3.08612e+11 7.80732e+12
0.0365097 1.79142e+15 1.37538e+11 3.47947e+12 1.79171e+15 3.19188e+11 8.07488e+12
0.0366405 1.79023e+15 1.38246e+11 3.49737e+12 1.79054e+15 3.28788e+11 8.31776e+12
0.0367714 1.78897e+15 1.35978e+11 3.44001e+12 1.78921e+15 3.25847e+11 8.24334e+12
0.0369022 1.78765e+15 1.35918e+11 3.43848e+12 1.78807e+15 3.17343e+11 8.02821e+12
0.0370331 1.78631e+15 1.34639e+11 3.40612e+12 1.78683e+15 3.12867e+11 7.91498e+12
0.037164 1.78489e+15 1.34777e+11 3.40961e+12 1.78509e+15 3.12752e+11 7.91206e+12
0.0372948 1.78337e+15 1.36705e+11 3.45839e+12 1.78378e+15 3.43616e+11 8.69286e+12
0.0374257 1.78187e+15 1.35283e+11 3.42242e+12 1.78223e+15 3.22127e+11 8.14925e+12
0.0375565 1.78036e+15 1.33742e+11 3.38343e+12 1.78078e+15 3.20882e+11 8.11776e+12
0.0376874 1.7787e+15 1.35411e+11 3.42565e+12 1.7791e+15 3.13138e+11 7.92182e+12
0.0378183 1.77699e+15 1.36419e+11 3.45116e+12 1.77734e+15 3.12029e+11 7.89379e+12
0.0379491 1.77526e+15 1.35474e+11 3.42726e+12 1.77572e+15 3.19737e+11 8.08877e+12
0.03808 1.77348e+15 1.37528e+11 3.47922e+12 1.77378e+15 3.30388e+11 8.35823e+12
0.0382108 1.77163e+15 1.3612e+11 3.4436e+12 1.77213e+15 3.17906e+11 8.04244e+12
0.0383417 1.76972e+15 1.34427e+11 3.40077e+12 1.76978e+15 3.02291e+11 7.64744e+12
0.0384725 1.76775e+15 1.35994e+11 3.4404e+12 1.76861e+15 3.12868e+11 7.91501e+12
0.0386034 1.76578e+15 1.36135e+11 3.44396e+12 1.76595e+15 3.18948e+11 8.06882e+12
0.0387343 1.76373e+15 1.3675e+11 3.45953e+12 1.76431e+15 3.28143e+11 8.30143e+12
0.0388651 1.76152e+15 1.3657e+11 3.45497e+12 1.76174e+15 3.10944e+11 7.86633e+12
0.038996 1.7593e+15 1.39587e+11 3.5313e+12 1.75987e+15 3.17518e+11 8.03264e+12
0.0391268 1.75707e+15 1.43254e+11 3.62407e+12 1.75735e+15 3.16912e+11 8.01732e+12
0.0392577 1.75482e+15 1.40237e+11 3.54773e+12 1.75526e+15 3.26976e+11 8.27191e+12
0.0393886 1.75248e+15 1.38874e+11 3.51326e+12 1.75304e+15 3.08555e+11 7.80589e+12
0.0395194 1.75002e+15 1.38903e+11 3.51401e+12 1.75018e+15 3.27909e+11 8.29552e+12
0.0396503 1.74746e+15 1.41046e+11 3.56821e+12 1.74814e+15 3.10238e+11 7.84846e+12
0.0397811 1.74492e+15 1.41186e+11 3.57176e+12 1.74517e+15 3.06311e+11 7.74912e+12
0.039912 1.74244e+15 1.40405e+11 3.552e+12 1.74269e+15 3.05786e+11 7.73584e+12
0.0400429 1.73986e+15 1.39897e+11 3.53914e+12 1.74051e+15 3.05632e+11 7.73195e+12
0.0401737 1.73719e+15 1.39217e+11 3.52193e+12 1.73742e+15 3.24055e+11 8.19801e+12
0.0403046 1.73442e+15 1.37416e+11 3.47639e+12 1.73534e+15 3.23001e+11 8.17136e+12
0.0404354 1.7316e+15 1.36427e+11 3.45136e+12 1.73188e+15 3.00647e+11 7.60584e+12
0.0405663 1.72873e+15 1.37374e+11 3.47532e+12 1.72905e+15 3.07867e+11 7.78848e+12
0.0406971 1.72581e+15 1.35468e+11 3.4271e+12 1.72618e+15 3.09019e+11 7.81763e+12
0.040828 1.72282e+15 1.35999e+11 3.44053e+12 1.72342e+15 3.16477e+11 8.0063e+12
0.0409589 1.71981e+15 1.35214e+11 3.42067e+12 1.72046e+15 2.96074e+11 7.49014e+12
0.0410897 1.71673e+15 1.33816e+11 3.38531e+12 1.71679e+15 3.06389e+11 7.7511e+12
0.0412206 1.71352e+15 1.3444e+11 3.40108e+12 1.71457e+15 3.08275e+11 7.79881e+12
0.0413514 1.71022e+15 1.34196e+11 3.39493e+12 1.71036e+15 3.24943e+11 8.22047e+12
0.0414823 1.70691e+15 1.355e+11 3.42791e+12 1.70733e+15 3.22581e+11 8.16074e+12
0.0416132 1.70359e+15 1.35057e+11 3.41669e+12 1.70401e+15 3.05333e+11 7.72439e+12
0.041744 1.70021e+15 1.33342e+11 3.37331e+12 1.70099e+15 3.04124e+11 7.69379e+12
0.0418749 1.69674e+15 1.33545e+11 3.37846e+12 1.69731e+15 3.08789e+11 7.81182e+12
0.0420057 1.69317e+15 1.35664e+11 3.43206e+12 1.69353e+15 3.08446e+11 7.80313e+12
0.0421366 1.68955e+15 1.34195e+11 3.3949e+12 1.69029e+15 3.12673e+11 7.91007e+12
0.0422675 1.68583e+15 1.34918e+11 3.41317e+12 1.68598e+15 3.17994e+11 8.04467e+12
0.0423983 1.68207e+15 1.35011e+11 3.41554e+12 1.68295e+15 3.05096e+11 7.71838e+12
0.0425292 1.67831e+15 1.35157e+11 3.41924e+12 1.67863e+15 3.18355e+11 8.05382e+12
0.04266 1.67437e+15 1.34908e+11 3.41294e+12 1.67503e+15 3.16656e+11 8.01082e+12
0.0427909 1.67039e+15 1.3508e+11 3.41728e+12 1.67102e+15 3.13483e+11 7.93057e+12
0.0429218 1.66635e+15 1.36097e+11 3.44302e+12 1.66694e+15 3.0742e+11 7.77719e+12
0.0430526 1.66226e+15 1.37582e+11 3.48057e+12 1.66291e+15 3.12619e+11 7.9087e+12
0.0431835 1.65818e+15 1.37394e+11 3.47582e+12 1.65862e+15 3.18093e+11 8.04718e+12
0.0433143 1.65398e+15 1.35969e+11 3.43977e+12 1.65442e+15 3.09177e+11 7.82163e+12
0.0434452 1.64967e+15 1.35224e+11 3.42094e+12 1.65078e+15 3.10036e+11 7.84335e+12
0.043576 1.64528e+15 1.3757e+11 3.48028e+12 1.64534e+15 3.13312e+11 7.92623e+12
0.0437069 1.64088e+15 1.36787e+11 3.46048e+12 1.64188e+15 3.22766e+11 8.16541e+12
0.0438378 1.63637e+15 1.34811e+11 3.41048e+12 1.63699e+15 2.92605e+11 7.4024e+12
0.0439686 1.63185e+15 1.35855e+11 3.43688e+12 1.6323e+15 3.17469e+11 8.0314e+12
0.0440995 1.62716e+15 1.35418e+11 3.42583e+12 1.62788e+15 3.24023e+11 8.1972e+12
0.0442303 1.62241e+15 1.35659e+11 3.43193e+12 1.62313e+15 3.24863e+11 8.21846e+12
0.0443612 1.61768e+15 1.38531e+11 3.50459e+12 1.61814e+15 3.10644e+11 7.85874e+12
0.0444921 1.61284e+15 1.3721e+11 3.47118e+12 1.61374e+15 3.14299e+11 7.95122e+12
0.0446229 1.60795e+15 1.38824e+11 3.51201e+12 1.6086e+15 3.03488e+11 7.67771e+12
0.0447538 1.6029e+15 1.3859e+11 3.50608e+12 1.60362e+15 3.3129e+11 8.38106e+12
0.0448846 1.59784e+15 1.37743e+11 3.48465e+12 1.59835e+15 2.96752e+11 7.50731e+12
0.0450155 1.5927e+15 1.39026e+11 3.5171e+12 1.59368e+15 3.07934e+11 7.79019e+12
0.0451464 1.58743e+15 1.39427e+11 3.52727e+12 1.58809e+15 3.07761e+11 7.78581e+12
0.0452772 1.5821e+15 1.38398e+11 3.50123e+12 1.58299e+15 3.10497e+11 7.85503e+12
0.0454081 1.57672e+15 1.36229e+11 3.44635e+12 1.57723e+15 3.14748e+11 7.96255e+12
0.0455389 1.5712e+15 1.36795e+11 3.46066e+12 1.5719e+15 2.95607e+11 7.47833e+12
0.0456698 1.56562e+15 1.36507e+11 3.45338e+12 1.56664e+15 3.05159e+11 7.71997e+12
0.0458006 1.56003e+15 1.35673e+11 3.43228e+12 1.56078e+15 3.06455e+11 7.75276e+12
0.0459315 1.55431e+15 1.38152e+11 3.495e+12 1.55501e+15 3.00639e+11 7.60563e+12
0.0460624 1.54846e+15 1.37495e+11 3.47839e+12 1.54929e+15 3.15551e+11 7.98288e+12
0.0461932 1.54263e+15 1.37974e+11 3.49051e+12 1.54349e+15 3.13091e+11 7.92064e+12
0.0463241 1.53672e+15 1.3637e+11 3.44991e+12 1.53765e+15 3.17154e+11 8.02343e+12
0.0464549 1.53069e+15 1.35536e+11 3.42881e+12 1.53155e+15 3.12347e+11 7.90182e+12
0.0465858 1.52461e+15 1.36357e+11 3.44959e+12 1.5258e+15 3.03265e+11 7.67206e+12
0.0467167 1.51837e+15 1.36038e+11 3.44153e+12 1.51878e+15 2.84822e+11 7.20549e+12
0.0468475 1.51207e+15 1.34335e+11 3.39843e+12 1.51325e+15 3.13578e+11 7.93297e+12
0.0469784 1.50562e+15 1.35436e+11 3.42629e+12 1.50647e+15 3.11531e+11 7.88118e+12
0.0471092 1.49914e+15 1.37034e+11 3.46671e+12 1.49986e+15 3.0281e+11 7.66057e+12
0.0472401 1.49259e+15 1.3675e+11 3.45953e+12 1.49383e+15 3.06578e+11 7.75587e+12
0.047371 1.48599e+15 1.35617e+11 3.43086e+12 1.48711e+15 3.12241e+11 7.89914e+12
0.0475018 1.47921e+15 1.34442e+11 3.40114e+12 1.48002e+15 3.05384e+11 7.72567e+12
0.0476327 1.4724e+15 1.35696e+11 3.43288e+12 1.47353e+15 3.08686e+11 7.80919e+12
0.0477635 1.46549e+15 1.34519e+11 3.40309e+12 1.46669e+15 3.08826e+11 7.81276e+12
0.0478944 1.45846e+15 1.34282e+11 3.3971e+12 1.45933e+15 3.11734e+11 7.88633e+12
0.0480253 1.45135e+15 1.32712e+11 3.35738e+12 1.45251e+15 3.01618e+11 7.63039e+12
0.0481561 1.44414e+15 1.3167e+11 3.33102e+12 1.44538e+15 3.17957e+11 8.04374e+12
0.048287 1.43681e+15 1.31205e+11 3.31924e+12 1.43758e+15 3.13275e+11 7.92529e+12
0.0484178 1.42937e+15 1.32283e+11 3.34653e+12 1.43092e+15 3.08826e+11 7.81274e+12
0.0485487 1.42192e+15 1.30943e+11 3.31262e+12 1.42331e+15 2.97342e+11 7.52223e+12
0.0486795 1.41427e+15 1.30309e+11 3.29659e+12 1.41522e+15 2.97845e+11 7.53495e+12
0.0488104 1.40668e+15 1.30584e+11 3.30353e+12 1.408e+15 3.06783e+11 7.76107e+12
0.0489413 1.39884e+15 1.29942e+11 3.2873e+12 1.40009e+15 2.96172e+11 7.49263e+12
0.0490721 1.39086e+15 1.29344e+11 3.27216e+12 1.39216e+15 2.94133e+11 7.44104e+12
0.049203 1.38289e+15 1.30638e+11 3.30492e+12 1.38424e+15 3.00893e+11 7.61205e+12
0.0493338 1.37475e+15 1.30458e+11 3.30035e+12 1.37646e+15 2.98653e+11 7.5554e+12
0.0494647 1.36646e+15 1.3131e+11 3.32191e+12 1.36772e+15 3.13106e+11 7.92104e+12
0.0495956 1.35812e+15 1.32751e+11 3.35837e+12 1.35909e+15 2.97986e+11 7.53852e+12
0.0497264 1.34971e+15 1.30793e+11 3.30884e+12 1.35161e+15 3.11304e+11 7.87545e+12
0.0498573 1.34123e+15 1.29965e+11 3.28789e+12 1.34262e+15 2.99451e+11 7.57558e+12
0.0499881 1.33251e+15 1.29083e+11 3.26557e+12 1.33427e+15 2.96661e+11 7.50499e+12
0.050119 1.32373e+15 1.29367e+11 3.27276e+12 1.32503e+15 2.92127e+11 7.3903e+12
0.0502499 1.31485e+15 1.29037e+11 3.26442e+12 1.31673e+15 2.87638e+11 7.27672e+12
0.0503807 1.30583e+15 1.28867e+11 3.2601e+12 1.30697e+15 3.04066e+11 7.69233e+12
0.0505116 1.2967e+15 1.29711e+11 3.28146e+12 1.29902e+15 2.86745e+11 7.25415e+12
0.0506424 1.28742e+15 1.29034e+11 3.26433e+12 1.28914e+15 2.93165e+11 7.41656e+12
0.0507733 1.27803e+15 1.2869e+11 3.25563e+12 1.27973e+15 2.87656e+11 7.27719e+12
0.0509042 1.26852e+15 1.27479e+11 3.225e+12 1.27066e+15 2.99755e+11 7.58326e+12
0.051035 1.2589e+15 1.28693e+11 3.25571e+12 1.26033e+15 2.74361e+11 6.94083e+12
0.0511659 1.24908e+15 1.27593e+11 3.22788e+12 1.25121e+15 2.86208e+11 7.24056e+12
0.0512967 1.23923e+15 1.25403e+11 3.17248e+12 1.24137e+15 2.81499e+11 7.12142e+12
0.0514276 1.22926e+15 1.26259e+11 3.19412e+12 1.23118e+15 3.01933e+11 7.63838e+12
0.0515584 1.21914e+15 1.28e+11 3.23818e+12 1.22125e+15 2.8858e+11 7.30055e+12
0.0516893 1.20887e+15 1.27152e+11 3.21673e+12 1.21115e+15 2.78311e+11 7.04076e+12
0.0518202 1.19847e+15 1.26466e+11 3.19937e+12 1.20106e+15 2.90583e+11 7.35124e+12
0.051951 1.18791e+15 1.29167e+11 3.2677e+12 1.18974e+15 2.81273e+11 7.11569e+12
0.0520819 1.17725e+15 1.29815e+11 3.28409e+12 1.17969e+15 2.87463e+11 7.2723e+12
0.0522127 1.16647e+15 1.30855e+11 3.31041e+12 1.16904e+15 3.05527e+11 7.72929e+12
0.0523436 1.15552e+15 1.2933e+11 3.27181e+12 1.15812e+15 2.74903e+11 6.95456e+12
0.0524745 1.14443e+15 1.30101e+11 3.29133e+12 1.14712e+15 2.86685e+11 7.25262e+12
0.0526053 1.1332e+15 1.29613e+11 3.27897e+12 1.13573e+15 2.99496e+11 7.57671e+12
0.0527362 1.12184e+15 1.27239e+11 3.21892e+12 1.12493e+15 2.85759e+11 7.22919e+12
0.052867 1.11028e+15 1.26233e+11 3.19346e+12 1.11374e+15 2.86815e+11 7.25591e+12
0.0529979 1.09854e+15 1.27277e+11 3.21989e+12 1.1012e+15 2.82551e+11 7.14804e+12
0.0531288 1.08668e+15 1.26642e+11 3.20383e+12 1.08927e+15 2.9078e+11 7.35623e+12
0.0532596 1.07467e+15 1.28456e+11 3.24971e+12 1.07856e+15 2.88599e+11 7.30103e+12
0.0533905 1.0625e+15 1.29435e+11 3.27448e+12 1.06597e+15 2.93119e+11 7.4154e+12
0.0535213 1.05013e+15 1.29434e+11 3.27446e+12 1.05397e+15 2.93496e+11 7.42493e+12
0.0536522 1.03762e+15 1.27227e+11 3.21862e+12 1.04148e+15 2.78486e+11 7.04519e+12
0.053783 1.02492e+15 1.26688e+11 3.20498e+12 1.02823e+15 2.7934e+11 7.06681e+12
0.0539139 1.01205e+15 1.27577e+11 3.22747e+12 1.01631e+15 2.80901e+11 7.10629e+12
0.0540448 9.98994e+14 1.26123e+11 3.19068e+12 1.00318e+15 2.78981e+11 7.05771e+12
0.0541756 9.85777e+14 1.25363e+11 3.17147e+12 9.90204e+14 2.76351e+11 6.99118e+12
0.0543065 9.72314e+14 1.24118e+11 3.13995e+12 9.76927e+14 2.79586e+11 7.07303e+12
0.0544373 9.58736e+14 1.2247e+11 3.09826e+12 9.63352e+14 2.69596e+11 6.8203e+12
0.0545682 9.44951e+14 1.21522e+11 3.0743e+12 9.50315e+14 2.80896e+11 7.10617e+12
0.0546991 9.30962e+14 1.22175e+11 3.0908e+12 9.3563e+14 2.6389e+11 6.67594e+12
0.0548299 9.16755e+14 1.22139e+11 3.0899e+12 9.22426e+14 2.58781e+11 6.54671e+12
0.0549608 9.02333e+14 1.19672e+11 3.02749e+12 9.08208e+14 2.59449e+11 6.5636e+12
0.0550916 8.87747e+14 1.17169e+11 2.96417e+12 8.93739e+14 2.77675e+11 7.02468e+12
0.0552225 8.7298e+14 1.17129e+11 2.96316e+12 8.79399e+14 2.48409e+11 6.28432e+12
0.0553534 8.58003e+14 1.18164e+11 2.98934e+12 8.64792e+14 2.54699e+11 6.44343e+12
0.0554842 8.42742e+14 1.17725e+11 2.97825e+12 8.49848e+14 2.63543e+11 6.66718e+12
0.0556151 8.27272e+14 1.16803e+11 2.95492e+12 8.35034e+14 2.51102e+11 6.35242e+12
0.0557459 8.11587e+14 1.1622e+11 2.94015e+12 8.19726e+14 2.57633e+11 6.51765e+12
0.0558768 7.95679e+14 1.15939e+11 2.93305e+12 8.03806e+14 2.50176e+11 6.32901e+12
0.0560077 7.79542e+14 1.15388e+11 2.91911e+12 7.88652e+14 2.39517e+11 6.05935e+12
0.0561385 7.63144e+14 1.15648e+11 2.9257e+12 7.7301e+14 2.57391e+11 6.51154e+12
0.0562694 7.46507e+14 1.15528e+11 2.92265e+12 7.56931e+14 2.34658e+11 5.93642e+12
0.0564002 7.29574e+14 1.14554e+11 2.89801e+12 7.40345e+14 2.38092e+11 6.0233e+12
0.0565311 7.12403e+14 1.13349e+11 2.86753e+12 7.2404e+14 2.45003e+11 6.19813e+12
0.0566619 6.94951e+14 1.13648e+11 2.87509e+12 7.07668e+14 2.35232e+11 5.95096e+12
0.0567928 6.77304e+14 1.1492e+11 2.90727e+12 6.90855e+14 2.28921e+11 5.7913e+12
0.0569237 6.59313e+14 1.14369e+11 2.89334e+12 6.74301e+14 2.28056e+11 5.7694e+12
0.0570545 6.41049e+14 1.1285e+11 2.8549e+12 6.5716e+14 2.21155e+11 5.59482e+12
0.0571854 6.2252e+14 1.11322e+11 2.81625e+12 6.39736e+14 2.16924e+11 5.4878e+12
0.0573162 6.03681e+14 1.09243e+11 2.76366e+12 6.2197e+14 2.25676e+11 5.7092e+12
0.0574471 5.84619e+14 1.08181e+11 2.73679e+12 6.0476e+14 2.09564e+11 5.30161e+12
0.057578 5.65326e+14 1.07086e+11 2.7091e+12 5.87236e+14 2.01546e+11 5.09877e+12
0.0577088 5.45807e+14 1.06912e+11 2.70468e+12 5.69488e+14 2.02675e+11 5.12731e+12
0.0578397 5.26062e+14 1.06581e+11 2.6963e+12 5.51786e+14 2.06286e+11 5.21867e+12
0.0579705 5.06105e+14 1.04503e+11 2.64374e+12 5.34134e+14 1.93256e+11 4.88903e+12
0.0581014 4.85973e+14 1.04271e+11 2.63786e+12 5.16693e+14 1.86543e+11 4.7192e+12
0.0582323 4.65715e+14 1.03452e+11 2.61715e+12 4.99427e+14 1.9392e+11 4.90583e+12
0.0583631 4.45358e+14 1.01407e+11 2.56543e+12 4.82046e+14 1.89846e+11 4.80277e+12
0.058494 4.25026e+14 1.00003e+11 2.5299e+12 4.65266e+14 1.80178e+11 4.5582e+12
0.0586248 4.04746e+14 9.77152e+10 2.47202e+12 4.48761e+14 1.71075e+11 4.32789e+12
0.0587557 3.84592e+14 9.50338e+10 2.40419e+12 4.32292e+14 1.66509e+11 4.21237e+12
0.0588865 3.64579e+14 9.33622e+10 2.3619e+12 4.15881e+14 1.60554e+11 4.06172e+12
0.0590174 3.44939e+14 9.09952e+10 2.30202e+12 4.00225e+14 1.54655e+11 3.91251e+12
0.0591483 3.25681e+14 8.66958e+10 2.19325e+12 3.85508e+14 1.46532e+11 3.70701e+12
0.0592791 3.0694e+14 8.35625e+10 2.11398e+12 3.71067e+14 1.4075e+11 3.56072e+12
0.05941 2.88815e+14 8.03692e+10 2.0332e+12 3.57105e+14 1.41487e+11 3.57938e+12
0.0595408 2.71384e+14 7.55102e+10 1.91027e+12 3.43957e+14 1.3159e+11 3.329e+12
0.0596717 2.54719e+14 7.11108e+10 1.79898e+12 3.31413e+14 1.29463e+11 3.27518e+12
0.0598026 2.38891e+14 6.61992e+10 1.67472e+12 3.19456e+14 1.27535e+11 3.22641e+12
0.0599334 2.23957e+14 6.23881e+10 1.57831e+12 3.08295e+14 1.17866e+11 2.9818e+12
0.0600643 2.09945e+14 5.82087e+10 1.47258e+12 2.97508e+14 1.11243e+11 2.81424e+12
0.0601951 1.96849e+14 5.50369e+10 1.39234e+12 2.87815e+14 1.06226e+11 2.68733e+12
0.060326 1.84685e+14 5.13888e+10 1.30005e+12 2.7839e+14 1.03722e+11 2.62399e+12
0.0604569 1.73427e+14 4.79537e+10 1.21314e+12 2.69217e+14 1.03064e+11 2.60735e+12
0.0605877 1.63043e+14 4.44144e+10 1.12361e+12 2.60959e+14 9.85178e+10 2.49233e+12
0.0607186 1.53508e+14 4.06633e+10 1.02871e+12 2.53436e+14 9.61315e+10 2.43196e+12
0.0608494 1.44707e+14 3.77104e+10 9.54005e+11 2.46169e+14 9.56681e+10 2.42023e+12
0.0609803 1.36584e+14 3.52238e+10 8.91099e+11 2.39465e+14 9.42832e+10 2.3852e+12
0.0611112 1.29061e+14 3.28891e+10 8.32035e+11 2.32926e+14 8.65225e+10 2.18886e+12
0.061242 1.22089e+14 3.07554e+10 7.78058e+11 2.26913e+14 8.47653e+10 2.14441e+12
0.0613729 1.15594e+14 2.86996e+10 7.26048e+11 2.21274e+14 8.21745e+10 2.07887e+12
0.0615037 1.0955e+14 2.68673e+10 6.79696e+11 2.15925e+14 8.39068e+10 2.12269e+12
0.0616346 1.03895e+14 2.53874e+10 6.42256e+11 2.10912e+14 8.33738e+10 2.10921e+12
0.0617654 9.86002e+13 2.36057e+10 5.97183e+11 2.06182e+14 7.95596e+10 2.01272e+12
0.0618963 9.35911e+13 2.20746e+10 5.58448e+11 2.0181e+14 7.74647e+10 1.95972e+12
0.0620272 8.88942e+13 2.07585e+10 5.25153e+11 1.97446e+14 7.7617e+10 1.96357e+12
0.062158 8.44613e+13 1.99241e+10 5.04044e+11 1.93301e+14 7.52932e+10 1.90478e+12
0.0622889 8.02543e+13 1.92061e+10 4.8588e+11 1.89372e+14 7.47219e+10 1.89033e+12
0.0624197 7.6269e+13 1.82941e+10 4.62808e+11 1.85728e+14 7.63656e+10 1.93191e+12
0.0625506 7.24801e+13 1.74839e+10 4.42311e+11 1.82228e+14 7.65111e+10 1.9356e+12
0.0626815 6.88658e+13 1.70517e+10 4.31377e+11 1.78899e+14 7.47773e+10 1.89173e+12
0.0628123 6.54112e+13 1.60842e+10 4.06901e+11 1.7559e+14 7.09303e+10 1.79441e+12
0.0629432 6.21045e+13 1.52011e+10 3.8456e+11 1.72372e+14 6.73035e+10 1.70266e+12
0.063074 5.89275e+13 1.43997e+10 3.64287e+11 1.69479e+14 6.45112e+10 1.63202e+12
0.0632049 5.58979e+13 1.35783e+10 3.43506e+11 1.66652e+14 6.63365e+10 1.6782e+12
0.0633358 5.2979e+13 1.333e+10 3.37224e+11 1.63938e+14 6.53101e+10 1.65223e+12
0.0634666 5.01606e+13 1.28311e+10 3.24605e+11 1.61321e+14 6.46858e+10 1.63644e+12
0.0635975 4.74473e+13 1.20547e+10 3.04962e+11 1.58817e+14 6.40135e+10 1.61943e+12
0.0637283 4.4841e+13 1.14627e+10 2.89986e+11 1.56415e+14 6.11156e+10 1.54611e+12
0.0638592 4.23105e+13 1.0828e+10 2.73928e+11 1.54027e+14 5.88195e+10 1.48803e+12
0.0639901 3.98619e+13 1.04011e+10 2.6313e+11 1.51756e+14 5.93796e+10 1.5022e+12
0.0641209 3.7497e+13 9.84966e+09 2.49179e+11 1.49547e+14 5.88925e+10 1.48988e+12
0.0642518 3.52092e+13 9.1522e+09 2.31534e+11 1.47464e+14 5.80408e+10 1.46833e+12
0.0643826 3.29856e+13 8.90484e+09 2.25277e+11 1.45306e+14 5.88906e+10 1.48983e+12
0.0645135 3.08282e+13 8.50556e+09 2.15176e+11 1.43258e+14 5.36225e+10 1.35655e+12
0.0646443 2.87338e+13 8.1477e+09 2.06122e+11 1.41428e+14 5.5453e+10 1.40286e+12
0.0647752 2.6712e+13 7.708e+09 1.94999e+11 1.39564e+14 5.47232e+10 1.3844e+12
0.0649061 2.47517e+13 7.25841e+09 1.83625e+11 1.37709e+14 5.30584e+10 1.34228e+12
0.0650369 2.28528e+13 6.82304e+09 1.72611e+11 1.36039e+14 5.2717e+10 1.33365e+12
0.0651678 2.10202e+13 6.65692e+09 1.68408e+11 1.34195e+14 5.15977e+10 1.30533e+12
0.0652986 1.92582e+13 6.40599e+09 1.6206e+11 1.3258e+14 5.20221e+10 1.31607e+12
0.0654295 1.756e+13 6.05426e+09 1.53162e+11 1.30952e+14 5.43772e+10 1.37565e+12
0.0655604 1.59257e+13 5.90909e+09 1.4949e+11 1.29362e+14 5.12616e+10 1.29683e+12
0.0656912 1.43575e+13 5.49302e+09 1.38964e+11 1.2784e+14 4.97955e+10 1.25974e+12
0.0658221 1.28566e+13 5.314e+09 1.34435e+11 1.2637e+14 5.11125e+10 1.29306e+12
0.0659529 1.14258e+13 4.98748e+09 1.26174e+11 1.24937e+14 5.22126e+10 1.32089e+12
0.0660838 1.00616e+13 4.69165e+09 1.1869e+11 1.23628e+14 5.05847e+10 1.2797e+12
0.0662147 8.76799e+12 4.28461e+09 1.08393e+11 1.22292e+14 4.72151e+10 1.19446e+12
0.0663455 7.54892e+12 4.02119e+09 1.01729e+11 1.20895e+14 4.76881e+10 1.20642e+12
0.0664764 6.38938e+12 3.66408e+09 9.26947e+10 1.19568e+14 4.53175e+10 1.14645e+12
0.0666072 5.29553e+12 3.1945e+09 8.08151e+10 1.18349e+14 4.50309e+10 1.1392e+12
0.0667381 4.25441e+12 2.83356e+09 7.1684e+10 1.17172e+14 4.53237e+10 1.14661e+12
0.0668689 3.22377e+12 2.37623e+09 6.01145e+10 1.16001e+14 4.39312e+10 1.11138e+12
0.0669998 2.47442e+12 2.02426e+09 5.12101e+10 1.14959e+14 5.33597e+10 1.34991e+12
