# Case 4
#
# Col. 1 Mesh point coordinate                           ( m )
# Col. 2 Electron density, mean                          ( m^{-3} )
# Col. 3 Electron density, mean standard deviation       ( m^{-3} )
# Col. 4 Electron density, population standard deviation ( m^{-3} )
# Col. 5 Ion density, mean                               ( m^{-3} )
# Col. 6 Ion density, mean standard deviation            ( m^{-3} )
# Col. 7 Ion density, population standard deviation      ( m^{-3} )
0 2.68212e+12 9.65677e+08 5.98408e+10 1.95319e+14 3.4617e+10 2.14514e+12
0.000130859 4.05707e+12 1.33258e+09 8.25769e+10 1.97792e+14 2.83881e+10 1.75915e+12
0.000261718 6.17398e+12 1.86222e+09 1.15397e+11 2.00963e+14 2.96546e+10 1.83763e+12
0.000392577 8.52921e+12 2.33693e+09 1.44814e+11 2.04329e+14 2.9559e+10 1.8317e+12
0.000523436 1.11651e+13 2.75377e+09 1.70645e+11 2.07893e+14 2.98718e+10 1.85109e+12
0.000654295 1.40969e+13 3.20631e+09 1.98688e+11 2.11565e+14 3.07183e+10 1.90354e+12
0.000785154 1.73351e+13 3.63855e+09 2.25473e+11 2.15385e+14 3.12477e+10 1.93635e+12
0.000916013 2.08819e+13 4.08007e+09 2.52833e+11 2.19425e+14 3.21821e+10 1.99425e+12
0.00104687 2.47499e+13 4.51495e+09 2.79781e+11 2.23708e+14 3.29773e+10 2.04353e+12
0.00117773 2.89415e+13 4.90813e+09 3.04146e+11 2.28137e+14 3.3106e+10 2.05151e+12
0.00130859 3.34606e+13 5.32603e+09 3.30042e+11 2.32937e+14 3.41333e+10 2.11516e+12
0.00143945 3.83114e+13 5.74526e+09 3.56021e+11 2.37961e+14 3.51841e+10 2.18028e+12
0.00157031 4.34993e+13 6.27624e+09 3.88924e+11 2.43126e+14 3.54439e+10 2.19638e+12
0.00170117 4.90378e+13 6.83458e+09 4.23523e+11 2.48543e+14 3.65194e+10 2.26302e+12
0.00183203 5.49291e+13 7.33178e+09 4.54334e+11 2.54386e+14 3.75939e+10 2.32961e+12
0.00196288 6.11851e+13 7.98329e+09 4.94706e+11 2.60474e+14 3.81823e+10 2.36607e+12
0.00209374 6.78276e+13 8.65511e+09 5.36338e+11 2.6697e+14 4.02149e+10 2.49202e+12
0.0022246 7.48736e+13 9.29096e+09 5.7574e+11 2.73859e+14 4.11697e+10 2.55119e+12
0.00235546 8.23548e+13 1.01113e+10 6.26577e+11 2.81101e+14 4.2064e+10 2.60661e+12
0.00248632 9.02951e+13 1.08319e+10 6.71229e+11 2.8882e+14 4.26523e+10 2.64306e+12
0.00261718 9.87243e+13 1.17461e+10 7.27879e+11 2.96959e+14 4.39678e+10 2.72459e+12
0.00274804 1.0771e+14 1.27131e+10 7.87799e+11 3.05609e+14 4.55794e+10 2.82445e+12
0.0028789 1.17306e+14 1.38252e+10 8.56719e+11 3.1497e+14 4.69344e+10 2.90842e+12
0.00300976 1.2759e+14 1.49732e+10 9.27856e+11 3.248e+14 4.76031e+10 2.94986e+12
0.00314062 1.38647e+14 1.64176e+10 1.01736e+12 3.35297e+14 5.10102e+10 3.16098e+12
0.00327147 1.5058e+14 1.7951e+10 1.11239e+12 3.46576e+14 5.26283e+10 3.26126e+12
0.00340233 1.63516e+14 1.95084e+10 1.20889e+12 3.58489e+14 5.46418e+10 3.38603e+12
0.00353319 1.77617e+14 2.14407e+10 1.32863e+12 3.71356e+14 5.58264e+10 3.45944e+12
0.00366405 1.93088e+14 2.36476e+10 1.46539e+12 3.85175e+14 5.87219e+10 3.63886e+12
0.00379491 2.1016e+14 2.6113e+10 1.61817e+12 4.00056e+14 6.16322e+10 3.81921e+12
0.00392577 2.29095e+14 2.89432e+10 1.79355e+12 4.16026e+14 6.35387e+10 3.93735e+12
0.00405663 2.50181e+14 3.23925e+10 2.00729e+12 4.33157e+14 6.71262e+10 4.15966e+12
0.00418749 2.73673e+14 3.61436e+10 2.23974e+12 4.51598e+14 7.11432e+10 4.40858e+12
0.00431835 2.99756e+14 4.02684e+10 2.49534e+12 4.71547e+14 7.52747e+10 4.6646e+12
0.00444921 3.28578e+14 4.47157e+10 2.77093e+12 4.93139e+14 7.87166e+10 4.87789e+12
0.00458006 3.60174e+14 4.93572e+10 3.05856e+12 5.16338e+14 8.38629e+10 5.19679e+12
0.00471092 3.94487e+14 5.41324e+10 3.35446e+12 5.41414e+14 8.70309e+10 5.39311e+12
0.00484178 4.31391e+14 5.8792e+10 3.64321e+12 5.68259e+14 9.30508e+10 5.76615e+12
0.00497264 4.70667e+14 6.312e+10 3.9114e+12 5.96902e+14 9.70788e+10 6.01575e+12
0.0051035 5.12019e+14 6.74576e+10 4.1802e+12 6.27449e+14 1.02045e+11 6.32352e+12
0.00523436 5.55085e+14 7.15731e+10 4.43522e+12 6.59756e+14 1.05648e+11 6.54676e+12
0.00536522 5.99477e+14 7.50687e+10 4.65184e+12 6.93834e+14 1.11721e+11 6.92308e+12
0.00549608 6.44817e+14 7.83817e+10 4.85713e+12 7.29493e+14 1.18678e+11 7.35419e+12
0.00562694 6.90695e+14 8.13542e+10 5.04133e+12 7.66361e+14 1.23078e+11 7.62685e+12
0.0057578 7.36824e+14 8.34847e+10 5.17336e+12 8.04041e+14 1.26685e+11 7.85037e+12
0.00588865 7.82879e+14 8.55108e+10 5.29891e+12 8.43175e+14 1.33296e+11 8.26002e+12
0.00601951 8.28634e+14 8.73797e+10 5.41472e+12 8.82279e+14 1.37355e+11 8.51155e+12
0.00615037 8.73905e+14 8.90358e+10 5.51735e+12 9.21978e+14 1.39285e+11 8.63115e+12
0.00628123 9.18557e+14 9.04119e+10 5.60262e+12 9.61814e+14 1.45938e+11 9.04346e+12
0.00641209 9.62436e+14 9.14745e+10 5.66847e+12 1.00102e+15 1.51333e+11 9.37776e+12
0.00654295 1.00545e+15 9.21339e+10 5.70933e+12 1.04033e+15 1.53006e+11 9.48145e+12
0.00667381 1.04759e+15 9.2817e+10 5.75166e+12 1.0791e+15 1.55198e+11 9.61728e+12
0.00680467 1.08878e+15 9.39598e+10 5.82248e+12 1.11756e+15 1.62804e+11 1.00886e+13
0.00693553 1.12902e+15 9.47578e+10 5.87193e+12 1.15517e+15 1.63971e+11 1.01609e+13
0.00706639 1.16827e+15 9.59718e+10 5.94716e+12 1.19188e+15 1.68147e+11 1.04197e+13
0.00719724 1.20656e+15 9.69343e+10 6.0068e+12 1.22815e+15 1.71593e+11 1.06332e+13
0.0073281 1.24387e+15 9.79096e+10 6.06723e+12 1.26395e+15 1.73741e+11 1.07664e+13
0.00745896 1.28023e+15 9.90213e+10 6.13613e+12 1.29862e+15 1.78544e+11 1.1064e+13
0.00758982 1.31561e+15 9.98364e+10 6.18663e+12 1.33254e+15 1.81715e+11 1.12605e+13
0.00772068 1.35002e+15 1.00047e+11 6.19971e+12 1.36564e+15 1.79231e+11 1.11065e+13
0.00785154 1.38348e+15 9.99934e+10 6.19636e+12 1.39805e+15 1.82585e+11 1.13144e+13
0.0079824 1.41607e+15 1.00183e+11 6.20813e+12 1.42983e+15 1.84777e+11 1.14502e+13
0.00811326 1.44774e+15 1.00694e+11 6.23975e+12 1.46007e+15 1.85715e+11 1.15083e+13
0.00824412 1.47857e+15 1.00988e+11 6.25801e+12 1.49042e+15 1.87858e+11 1.16412e+13
0.00837498 1.50849e+15 1.01307e+11 6.27775e+12 1.51962e+15 1.90999e+11 1.18358e+13
0.00850583 1.53758e+15 1.01305e+11 6.27767e+12 1.5477e+15 1.92165e+11 1.1908e+13
0.00863669 1.56584e+15 1.0147e+11 6.28784e+12 1.57545e+15 1.93472e+11 1.1989e+13
0.00876755 1.59332e+15 1.0195e+11 6.31763e+12 1.60247e+15 1.92021e+11 1.18991e+13
0.00889841 1.62005e+15 1.01846e+11 6.31117e+12 1.6287e+15 1.9621e+11 1.21587e+13
0.00902927 1.64598e+15 1.02287e+11 6.33849e+12 1.65389e+15 1.99241e+11 1.23465e+13
0.00916013 1.67117e+15 1.02536e+11 6.3539e+12 1.67882e+15 2.00996e+11 1.24553e+13
0.00929099 1.69566e+15 1.02305e+11 6.3396e+12 1.70277e+15 2.01548e+11 1.24895e+13
0.00942185 1.71948e+15 1.01678e+11 6.30078e+12 1.72631e+15 1.98127e+11 1.22775e+13
0.00955271 1.7426e+15 1.02159e+11 6.33054e+12 1.74898e+15 1.96216e+11 1.2159e+13
0.00968357 1.76503e+15 1.02714e+11 6.36496e+12 1.77123e+15 2.05111e+11 1.27103e+13
0.00981442 1.78686e+15 1.02796e+11 6.37001e+12 1.79248e+15 2.01747e+11 1.25018e+13
0.00994528 1.80807e+15 1.02821e+11 6.37159e+12 1.81379e+15 2.07614e+11 1.28654e+13
0.0100761 1.82867e+15 1.02601e+11 6.35796e+12 1.8338e+15 2.07115e+11 1.28344e+13
0.010207 1.84865e+15 1.02847e+11 6.37318e+12 1.85351e+15 2.0283e+11 1.25689e+13
0.0103379 1.86808e+15 1.02122e+11 6.32829e+12 1.8729e+15 2.04861e+11 1.26948e+13
0.0104687 1.88693e+15 1.02269e+11 6.3374e+12 1.89143e+15 2.05714e+11 1.27476e+13
0.0105996 1.90528e+15 1.02604e+11 6.35811e+12 1.90939e+15 2.06344e+11 1.27867e+13
0.0107304 1.92308e+15 1.02521e+11 6.35299e+12 1.9273e+15 2.07791e+11 1.28764e+13
0.0108613 1.94037e+15 1.01918e+11 6.31564e+12 1.94438e+15 2.04813e+11 1.26918e+13
0.0109922 1.9572e+15 1.01659e+11 6.29956e+12 1.96089e+15 2.07553e+11 1.28616e+13
0.011123 1.97351e+15 1.0176e+11 6.30586e+12 1.97711e+15 2.07755e+11 1.28741e+13
0.0112539 1.98934e+15 1.01985e+11 6.31975e+12 1.99262e+15 2.07562e+11 1.28621e+13
0.0113847 2.00475e+15 1.01764e+11 6.30606e+12 2.008e+15 2.07205e+11 1.284e+13
0.0115156 2.01974e+15 1.01235e+11 6.27333e+12 2.02264e+15 2.08117e+11 1.28965e+13
0.0116465 2.03429e+15 1.00486e+11 6.22692e+12 2.03758e+15 2.09522e+11 1.29836e+13
0.0117773 2.04843e+15 1.00538e+11 6.23014e+12 2.05119e+15 2.08961e+11 1.29488e+13
0.0119082 2.06213e+15 1.00427e+11 6.22326e+12 2.06492e+15 2.10371e+11 1.30362e+13
0.012039 2.07549e+15 1.00127e+11 6.20462e+12 2.07785e+15 2.07733e+11 1.28728e+13
0.0121699 2.08848e+15 1.0022e+11 6.2104e+12 2.0911e+15 2.09203e+11 1.29638e+13
0.0123007 2.10109e+15 1.00481e+11 6.2266e+12 2.10347e+15 2.10647e+11 1.30533e+13
0.0124316 2.11337e+15 1.00296e+11 6.21509e+12 2.11575e+15 2.07635e+11 1.28666e+13
0.0125625 2.12527e+15 1.00585e+11 6.23303e+12 2.12727e+15 2.11349e+11 1.30968e+13
0.0126933 2.13684e+15 1.0052e+11 6.22902e+12 2.13905e+15 2.14082e+11 1.32662e+13
0.0128242 2.14809e+15 1.00498e+11 6.22764e+12 2.1501e+15 2.06982e+11 1.28262e+13
0.012955 2.15904e+15 1.00171e+11 6.2074e+12 2.1611e+15 2.1295e+11 1.3196e+13
0.0130859 2.1697e+15 9.96674e+10 6.17616e+12 2.17155e+15 2.06575e+11 1.2801e+13
0.0132168 2.18004e+15 9.88761e+10 6.12713e+12 2.18179e+15 2.09705e+11 1.2995e+13
0.0133476 2.19009e+15 9.81843e+10 6.08426e+12 2.19203e+15 2.06449e+11 1.27932e+13
0.0134785 2.19983e+15 9.79132e+10 6.06746e+12 2.20111e+15 2.09563e+11 1.29861e+13
0.0136093 2.20932e+15 9.7875e+10 6.06509e+12 2.21114e+15 2.08828e+11 1.29406e+13
0.0137402 2.21853e+15 9.79987e+10 6.07276e+12 2.21996e+15 2.13055e+11 1.32026e+13
0.0138711 2.22751e+15 9.78782e+10 6.06529e+12 2.22892e+15 2.14169e+11 1.32716e+13
0.0140019 2.23624e+15 9.71812e+10 6.0221e+12 2.23768e+15 2.06863e+11 1.28189e+13
0.0141328 2.24475e+15 9.73889e+10 6.03497e+12 2.24616e+15 2.10608e+11 1.30509e+13
0.0142636 2.25302e+15 9.75754e+10 6.04653e+12 2.25426e+15 2.09378e+11 1.29747e+13
0.0143945 2.26104e+15 9.71775e+10 6.02187e+12 2.26243e+15 2.13773e+11 1.3247e+13
0.0145253 2.2688e+15 9.66265e+10 5.98772e+12 2.26972e+15 2.10727e+11 1.30583e+13
0.0146562 2.27644e+15 9.64646e+10 5.97769e+12 2.2779e+15 2.1045e+11 1.30411e+13
0.0147871 2.28385e+15 9.63e+10 5.9675e+12 2.28468e+15 2.08309e+11 1.29084e+13
0.0149179 2.29109e+15 9.58751e+10 5.94116e+12 2.29239e+15 2.04173e+11 1.26521e+13
0.0150488 2.29811e+15 9.58335e+10 5.93859e+12 2.29889e+15 2.10542e+11 1.30468e+13
0.0151796 2.3049e+15 9.57057e+10 5.93067e+12 2.30606e+15 2.16761e+11 1.34322e+13
0.0153105 2.31152e+15 9.50124e+10 5.8877e+12 2.31233e+15 2.1421e+11 1.32741e+13
0.0154414 2.31799e+15 9.46731e+10 5.86668e+12 2.31915e+15 2.1149e+11 1.31056e+13
0.0155722 2.32432e+15 9.44005e+10 5.84979e+12 2.32508e+15 2.06556e+11 1.27998e+13
0.0157031 2.33047e+15 9.40039e+10 5.82521e+12 2.33147e+15 2.07343e+11 1.28486e+13
0.0158339 2.33642e+15 9.33998e+10 5.78778e+12 2.33698e+15 2.12717e+11 1.31816e+13
0.0159648 2.34225e+15 9.30274e+10 5.7647e+12 2.3434e+15 2.1102e+11 1.30764e+13
0.0160957 2.34791e+15 9.30165e+10 5.76402e+12 2.34844e+15 2.11577e+11 1.31109e+13
0.0162265 2.35342e+15 9.2516e+10 5.73301e+12 2.35408e+15 2.11069e+11 1.30795e+13
0.0163574 2.35879e+15 9.1996e+10 5.70078e+12 2.35963e+15 2.08799e+11 1.29388e+13
0.0164882 2.36405e+15 9.14134e+10 5.66468e+12 2.36472e+15 2.11927e+11 1.31326e+13
0.0166191 2.36914e+15 9.05169e+10 5.60913e+12 2.36984e+15 2.12952e+11 1.31962e+13
0.01675 2.37411e+15 8.99907e+10 5.57652e+12 2.37437e+15 2.11542e+11 1.31088e+13
0.0168808 2.37897e+15 8.94657e+10 5.54398e+12 2.37993e+15 2.12467e+11 1.31661e+13
0.0170117 2.38369e+15 8.90399e+10 5.5176e+12 2.38404e+15 2.09347e+11 1.29728e+13
0.0171425 2.38829e+15 8.9015e+10 5.51606e+12 2.38896e+15 2.13733e+11 1.32446e+13
0.0172734 2.39278e+15 8.92276e+10 5.52923e+12 2.39336e+15 2.11009e+11 1.30758e+13
0.0174042 2.39713e+15 8.89964e+10 5.5149e+12 2.3976e+15 2.09962e+11 1.30109e+13
0.0175351 2.40139e+15 8.87523e+10 5.49978e+12 2.40198e+15 2.09191e+11 1.29631e+13
0.017666 2.40556e+15 8.85024e+10 5.4843e+12 2.4061e+15 2.09813e+11 1.30017e+13
0.0177968 2.40962e+15 8.78535e+10 5.44408e+12 2.40997e+15 2.08764e+11 1.29366e+13
0.0179277 2.4136e+15 8.79638e+10 5.45092e+12 2.41409e+15 2.09976e+11 1.30117e+13
0.0180585 2.41747e+15 8.78472e+10 5.44369e+12 2.41789e+15 2.0655e+11 1.27994e+13
0.0181894 2.42126e+15 8.8442e+10 5.48055e+12 2.42159e+15 2.10134e+11 1.30215e+13
0.0183203 2.42491e+15 8.85421e+10 5.48675e+12 2.42531e+15 2.10332e+11 1.30338e+13
0.0184511 2.42846e+15 8.81282e+10 5.4611e+12 2.42902e+15 2.10189e+11 1.30249e+13
0.018582 2.43197e+15 8.76475e+10 5.43132e+12 2.43219e+15 2.11679e+11 1.31172e+13
0.0187128 2.43537e+15 8.73842e+10 5.415e+12 2.43575e+15 2.1138e+11 1.30988e+13
0.0188437 2.4387e+15 8.70707e+10 5.39557e+12 2.4391e+15 2.09548e+11 1.29852e+13
0.0189746 2.44195e+15 8.65921e+10 5.36591e+12 2.44223e+15 2.14979e+11 1.33218e+13
0.0191054 2.44517e+15 8.60709e+10 5.33362e+12 2.44554e+15 2.05958e+11 1.27627e+13
0.0192363 2.44828e+15 8.58473e+10 5.31977e+12 2.44872e+15 2.13015e+11 1.32001e+13
0.0193671 2.45131e+15 8.54135e+10 5.29288e+12 2.45148e+15 2.09251e+11 1.29668e+13
0.019498 2.45426e+15 8.49397e+10 5.26352e+12 2.45459e+15 2.10557e+11 1.30477e+13
0.0196288 2.4572e+15 8.44356e+10 5.23229e+12 2.45747e+15 2.08218e+11 1.29028e+13
0.0197597 2.46008e+15 8.40603e+10 5.20903e+12 2.46013e+15 2.07853e+11 1.28802e+13
0.0198906 2.46287e+15 8.39149e+10 5.20001e+12 2.46327e+15 2.06858e+11 1.28185e+13
0.0200214 2.46554e+15 8.37481e+10 5.18968e+12 2.46585e+15 2.0951e+11 1.29829e+13
0.0201523 2.46819e+15 8.30346e+10 5.14547e+12 2.46837e+15 2.06979e+11 1.2826e+13
0.0202831 2.47074e+15 8.2185e+10 5.09282e+12 2.47112e+15 2.08555e+11 1.29237e+13
0.020414 2.47327e+15 8.23063e+10 5.10034e+12 2.47331e+15 2.04937e+11 1.26995e+13
0.0205449 2.47572e+15 8.31664e+10 5.15364e+12 2.47612e+15 2.07348e+11 1.28489e+13
0.0206757 2.47812e+15 8.29136e+10 5.13797e+12 2.47836e+15 2.07061e+11 1.28311e+13
0.0208066 2.48047e+15 8.2784e+10 5.12994e+12 2.48057e+15 2.05781e+11 1.27518e+13
0.0209374 2.48279e+15 8.26673e+10 5.1227e+12 2.48328e+15 2.06628e+11 1.28043e+13
0.0210683 2.48503e+15 8.22537e+10 5.09707e+12 2.48477e+15 2.11453e+11 1.31032e+13
0.0211992 2.48723e+15 8.17773e+10 5.06755e+12 2.48779e+15 2.07827e+11 1.28786e+13
0.02133 2.48939e+15 8.18956e+10 5.07488e+12 2.48948e+15 2.0758e+11 1.28632e+13
0.0214609 2.49148e+15 8.15242e+10 5.05187e+12 2.49168e+15 2.06706e+11 1.28091e+13
0.0215917 2.49354e+15 8.08943e+10 5.01283e+12 2.49348e+15 2.07443e+11 1.28548e+13
0.0217226 2.49556e+15 8.07977e+10 5.00685e+12 2.49606e+15 2.0886e+11 1.29426e+13
0.0218535 2.49752e+15 8.0971e+10 5.01759e+12 2.49742e+15 2.09345e+11 1.29727e+13
0.0219843 2.49943e+15 8.08526e+10 5.01025e+12 2.49975e+15 2.07989e+11 1.28886e+13
0.0221152 2.5013e+15 8.08325e+10 5.00901e+12 2.50135e+15 2.04294e+11 1.26596e+13
0.022246 2.50316e+15 8.08582e+10 5.0106e+12 2.50329e+15 2.09463e+11 1.298e+13
0.0223769 2.50497e+15 8.08156e+10 5.00796e+12 2.50511e+15 2.05227e+11 1.27175e+13
0.0225077 2.50673e+15 8.02858e+10 4.97513e+12 2.50722e+15 2.04396e+11 1.2666e+13
0.0226386 2.50844e+15 8.04065e+10 4.98261e+12 2.50826e+15 2.05527e+11 1.2736e+13
0.0227695 2.5101e+15 8.00955e+10 4.96333e+12 2.51024e+15 2.03615e+11 1.26175e+13
0.0229003 2.51177e+15 7.96733e+10 4.93718e+12 2.51187e+15 2.05259e+11 1.27195e+13
0.0230312 2.51334e+15 7.98228e+10 4.94644e+12 2.51364e+15 2.04996e+11 1.27031e+13
0.023162 2.51491e+15 7.97102e+10 4.93946e+12 2.5148e+15 2.07056e+11 1.28308e+13
0.0232929 2.51644e+15 8.03284e+10 4.97777e+12 2.51675e+15 2.02271e+11 1.25343e+13
0.0234238 2.51797e+15 7.98058e+10 4.94538e+12 2.51796e+15 2.04824e+11 1.26925e+13
0.0235546 2.51945e+15 7.93432e+10 4.91672e+12 2.5196e+15 2.05388e+11 1.27274e+13
0.0236855 2.52094e+15 7.9405e+10 4.92055e+12 2.5209e+15 2.07653e+11 1.28678e+13
0.0238163 2.52238e+15 7.92751e+10 4.9125e+12 2.52265e+15 2.07876e+11 1.28816e+13
0.0239472 2.52378e+15 7.85573e+10 4.86802e+12 2.52403e+15 2.04775e+11 1.26894e+13
0.0240781 2.52512e+15 7.85499e+10 4.86756e+12 2.52484e+15 2.02636e+11 1.25569e+13
0.0242089 2.52644e+15 7.78326e+10 4.82311e+12 2.52681e+15 2.07729e+11 1.28725e+13
0.0243398 2.52769e+15 7.79065e+10 4.82769e+12 2.52762e+15 2.04528e+11 1.26741e+13
0.0244706 2.52896e+15 7.7998e+10 4.83336e+12 2.52914e+15 2.05086e+11 1.27087e+13
0.0246015 2.5302e+15 7.75212e+10 4.80381e+12 2.53008e+15 2.07639e+11 1.28669e+13
0.0247324 2.53144e+15 7.72672e+10 4.78808e+12 2.53169e+15 2.06864e+11 1.28189e+13
0.0248632 2.53266e+15 7.75286e+10 4.80427e+12 2.53295e+15 2.10071e+11 1.30176e+13
0.0249941 2.53385e+15 7.69641e+10 4.76929e+12 2.53361e+15 2.08019e+11 1.28905e+13
0.0251249 2.53497e+15 7.66434e+10 4.74942e+12 2.53523e+15 2.06848e+11 1.28179e+13
0.0252558 2.53608e+15 7.64024e+10 4.73448e+12 2.53606e+15 2.07056e+11 1.28308e+13
0.0253866 2.53717e+15 7.6273e+10 4.72646e+12 2.53722e+15 2.02528e+11 1.25502e+13
0.0255175 2.53823e+15 7.60621e+10 4.7134e+12 2.53848e+15 2.04282e+11 1.26589e+13
0.0256484 2.53927e+15 7.63173e+10 4.72921e+12 2.53908e+15 2.04027e+11 1.26431e+13
0.0257792 2.54031e+15 7.65711e+10 4.74494e+12 2.54055e+15 2.06102e+11 1.27717e+13
0.0259101 2.54131e+15 7.61592e+10 4.71941e+12 2.54138e+15 2.05061e+11 1.27071e+13
0.0260409 2.54228e+15 7.5696e+10 4.69071e+12 2.5422e+15 2.06429e+11 1.27919e+13
0.0261718 2.54319e+15 7.59899e+10 4.70892e+12 2.54339e+15 2.06412e+11 1.27909e+13
0.0263027 2.54409e+15 7.63666e+10 4.73227e+12 2.54409e+15 2.04532e+11 1.26744e+13
0.0264335 2.54502e+15 7.63985e+10 4.73424e+12 2.54516e+15 2.05667e+11 1.27447e+13
0.0265644 2.54593e+15 7.69984e+10 4.77142e+12 2.54586e+15 2.02369e+11 1.25404e+13
0.0266952 2.54681e+15 7.68448e+10 4.7619e+12 2.54695e+15 2.03588e+11 1.26159e+13
0.0268261 2.5477e+15 7.72363e+10 4.78616e+12 2.54769e+15 2.06062e+11 1.27692e+13
0.026957 2.54851e+15 7.71425e+10 4.78035e+12 2.54871e+15 2.0885e+11 1.2942e+13
0.0270878 2.54928e+15 7.73199e+10 4.79134e+12 2.54921e+15 2.08141e+11 1.2898e+13
0.0272187 2.55011e+15 7.80678e+10 4.83769e+12 2.55031e+15 2.08889e+11 1.29443e+13
0.0273495 2.55088e+15 7.78501e+10 4.8242e+12 2.55082e+15 2.07219e+11 1.28409e+13
0.0274804 2.55157e+15 7.72272e+10 4.78559e+12 2.55167e+15 2.03041e+11 1.2582e+13
0.0276112 2.55229e+15 7.6512e+10 4.74127e+12 2.55238e+15 2.06567e+11 1.28005e+13
0.0277421 2.55299e+15 7.65908e+10 4.74616e+12 2.55285e+15 2.07488e+11 1.28575e+13
0.027873 2.55364e+15 7.67174e+10 4.754e+12 2.55381e+15 2.06398e+11 1.279e+13
0.0280038 2.55428e+15 7.66588e+10 4.75037e+12 2.55442e+15 2.09501e+11 1.29823e+13
0.0281347 2.55495e+15 7.60486e+10 4.71256e+12 2.55483e+15 2.08086e+11 1.28946e+13
0.0282655 2.55558e+15 7.59718e+10 4.7078e+12 2.55575e+15 2.07604e+11 1.28647e+13
0.0283964 2.55619e+15 7.5223e+10 4.6614e+12 2.55622e+15 2.05243e+11 1.27184e+13
0.0285273 2.55677e+15 7.53189e+10 4.66734e+12 2.55681e+15 2.03932e+11 1.26372e+13
0.0286581 2.55735e+15 7.50132e+10 4.64839e+12 2.5572e+15 2.04643e+11 1.26813e+13
0.028789 2.55793e+15 7.47261e+10 4.63061e+12 2.55819e+15 2.05108e+11 1.27101e+13
0.0289198 2.55845e+15 7.46176e+10 4.62388e+12 2.5584e+15 2.02906e+11 1.25736e+13
0.0290507 2.559e+15 7.5292e+10 4.66567e+12 2.55903e+15 2.04421e+11 1.26675e+13
0.0291816 2.55953e+15 7.56603e+10 4.6885e+12 2.55935e+15 2.1037e+11 1.30361e+13
0.0293124 2.56003e+15 7.52008e+10 4.66002e+12 2.56033e+15 2.0656e+11 1.28001e+13
0.0294433 2.56052e+15 7.48751e+10 4.63984e+12 2.5606e+15 2.05051e+11 1.27066e+13
0.0295741 2.56099e+15 7.48649e+10 4.63921e+12 2.5608e+15 2.08973e+11 1.29496e+13
0.029705 2.56146e+15 7.47474e+10 4.63193e+12 2.56159e+15 2.02271e+11 1.25343e+13
0.0298359 2.5619e+15 7.51621e+10 4.65763e+12 2.56203e+15 2.07302e+11 1.2846e+13
0.0299667 2.56232e+15 7.48306e+10 4.63708e+12 2.56214e+15 2.06754e+11 1.28121e+13
0.0300976 2.56274e+15 7.42688e+10 4.60227e+12 2.56292e+15 2.08456e+11 1.29175e+13
0.0302284 2.56315e+15 7.44684e+10 4.61464e+12 2.56335e+15 2.05289e+11 1.27213e+13
0.0303593 2.56349e+15 7.48911e+10 4.64083e+12 2.5633e+15 2.06436e+11 1.27924e+13
0.0304901 2.56385e+15 7.45373e+10 4.61891e+12 2.56401e+15 2.05637e+11 1.27429e+13
0.030621 2.56421e+15 7.41277e+10 4.59353e+12 2.5641e+15 2.04384e+11 1.26652e+13
0.0307519 2.56453e+15 7.45143e+10 4.61748e+12 2.5647e+15 2.03916e+11 1.26362e+13
0.0308827 2.56485e+15 7.46916e+10 4.62847e+12 2.56476e+15 2.04601e+11 1.26787e+13
0.0310136 2.56514e+15 7.49417e+10 4.64397e+12 2.56531e+15 2.02487e+11 1.25477e+13
0.0311444 2.56541e+15 7.53083e+10 4.66669e+12 2.5653e+15 2.05571e+11 1.27388e+13
0.0312753 2.56569e+15 7.53258e+10 4.66777e+12 2.5657e+15 2.07527e+11 1.286e+13
0.0314062 2.56592e+15 7.56557e+10 4.68821e+12 2.56609e+15 2.07446e+11 1.2855e+13
0.031537 2.56615e+15 7.60207e+10 4.71083e+12 2.56594e+15 2.06411e+11 1.27908e+13
0.0316679 2.56642e+15 7.57301e+10 4.69282e+12 2.5667e+15 2.04786e+11 1.26901e+13
0.0317987 2.56666e+15 7.50224e+10 4.64897e+12 2.56661e+15 2.02475e+11 1.25469e+13
0.0319296 2.5668e+15 7.42663e+10 4.60212e+12 2.56692e+15 2.03775e+11 1.26275e+13
0.0320605 2.56692e+15 7.40733e+10 4.59016e+12 2.56706e+15 2.03377e+11 1.26028e+13
0.0321913 2.56707e+15 7.40328e+10 4.58764e+12 2.56686e+15 2.00752e+11 1.24401e+13
0.0323222 2.56724e+15 7.45651e+10 4.62063e+12 2.56736e+15 2.03677e+11 1.26214e+13
0.032453 2.56736e+15 7.53358e+10 4.66839e+12 2.56737e+15 2.10873e+11 1.30673e+13
0.0325839 2.56746e+15 7.53628e+10 4.67006e+12 2.56759e+15 2.10267e+11 1.30298e+13
0.0327147 2.56757e+15 7.49359e+10 4.64361e+12 2.56747e+15 2.11419e+11 1.31012e+13
0.0328456 2.56765e+15 7.51272e+10 4.65546e+12 2.56777e+15 2.05248e+11 1.27187e+13
0.0329765 2.5677e+15 7.53962e+10 4.67213e+12 2.5676e+15 2.07088e+11 1.28328e+13
0.0331073 2.56779e+15 7.53973e+10 4.6722e+12 2.56794e+15 2.0293e+11 1.25751e+13
0.0332382 2.56785e+15 7.46003e+10 4.62281e+12 2.56792e+15 2.07077e+11 1.28321e+13
0.033369 2.56783e+15 7.42285e+10 4.59977e+12 2.5678e+15 2.08151e+11 1.28986e+13
0.0334999 2.56785e+15 7.4106e+10 4.59218e+12 2.56798e+15 2.06499e+11 1.27963e+13
0.0336308 2.56782e+15 7.41511e+10 4.59498e+12 2.56768e+15 2.0683e+11 1.28168e+13
0.0337616 2.56782e+15 7.46468e+10 4.6257e+12 2.56785e+15 2.04631e+11 1.26805e+13
0.0338925 2.56779e+15 7.45643e+10 4.62058e+12 2.56789e+15 2.04673e+11 1.26831e+13
0.0340233 2.56776e+15 7.4975e+10 4.64603e+12 2.5679e+15 2.04654e+11 1.2682e+13
0.0341542 2.56771e+15 7.54638e+10 4.67632e+12 2.56749e+15 2.01727e+11 1.25006e+13
0.0342851 2.5676e+15 7.5006e+10 4.64795e+12 2.56786e+15 2.01545e+11 1.24893e+13
0.0344159 2.56749e+15 7.45476e+10 4.61954e+12 2.56738e+15 2.07973e+11 1.28876e+13
0.0345468 2.56734e+15 7.5161e+10 4.65756e+12 2.56745e+15 2.06818e+11 1.2816e+13
0.0346776 2.5672e+15 7.53397e+10 4.66863e+12 2.56712e+15 2.03714e+11 1.26237e+13
0.0348085 2.56705e+15 7.53459e+10 4.66901e+12 2.56705e+15 2.04912e+11 1.26979e+13
0.0349394 2.56692e+15 7.5318e+10 4.66729e+12 2.56702e+15 2.04722e+11 1.26861e+13
0.0350702 2.56674e+15 7.5316e+10 4.66716e+12 2.56665e+15 2.07297e+11 1.28457e+13
0.0352011 2.56655e+15 7.51288e+10 4.65556e+12 2.56661e+15 2.07698e+11 1.28706e+13
0.0353319 2.56636e+15 7.54573e+10 4.67592e+12 2.56677e+15 2.11846e+11 1.31276e+13
0.0354628 2.56613e+15 7.51452e+10 4.65658e+12 2.56565e+15 2.13084e+11 1.32043e+13
0.0355936 2.56591e+15 7.5101e+10 4.65384e+12 2.56643e+15 2.07101e+11 1.28336e+13
0.0357245 2.56565e+15 7.53752e+10 4.67083e+12 2.56529e+15 2.0502e+11 1.27046e+13
0.0358554 2.5654e+15 7.56043e+10 4.68503e+12 2.5655e+15 2.08847e+11 1.29418e+13
0.0359862 2.56515e+15 7.49915e+10 4.64705e+12 2.56544e+15 2.0759e+11 1.28639e+13
0.0361171 2.56487e+15 7.49501e+10 4.64449e+12 2.56453e+15 2.05197e+11 1.27156e+13
0.0362479 2.56458e+15 7.48164e+10 4.6362e+12 2.56471e+15 2.05439e+11 1.27306e+13
0.0363788 2.56424e+15 7.51615e+10 4.65759e+12 2.56444e+15 2.04161e+11 1.26514e+13
0.0365097 2.5639e+15 7.52042e+10 4.66023e+12 2.56382e+15 2.02384e+11 1.25413e+13
0.0366405 2.56353e+15 7.5261e+10 4.66376e+12 2.56364e+15 2.08208e+11 1.29022e+13
0.0367714 2.56313e+15 7.48734e+10 4.63973e+12 2.56293e+15 2.05466e+11 1.27323e+13
0.0369022 2.56276e+15 7.46435e+10 4.62549e+12 2.56297e+15 2.07254e+11 1.28431e+13
0.0370331 2.56238e+15 7.4276e+10 4.60272e+12 2.56237e+15 2.04699e+11 1.26848e+13
0.037164 2.56194e+15 7.4428e+10 4.61214e+12 2.56208e+15 2.04917e+11 1.26982e+13
0.0372948 2.56149e+15 7.48507e+10 4.63833e+12 2.56129e+15 2.04952e+11 1.27004e+13
0.0374257 2.56107e+15 7.46332e+10 4.62485e+12 2.56124e+15 2.07867e+11 1.2881e+13
0.0375565 2.56063e+15 7.48111e+10 4.63587e+12 2.56078e+15 2.06481e+11 1.27952e+13
0.0376874 2.56013e+15 7.50713e+10 4.652e+12 2.55996e+15 2.07214e+11 1.28406e+13
0.0378183 2.55963e+15 7.45555e+10 4.62004e+12 2.55971e+15 2.02936e+11 1.25755e+13
0.0379491 2.55912e+15 7.44632e+10 4.61431e+12 2.55941e+15 2.05567e+11 1.27385e+13
0.03808 2.55857e+15 7.45448e+10 4.61937e+12 2.55828e+15 2.00859e+11 1.24468e+13
0.0382108 2.55807e+15 7.44356e+10 4.61261e+12 2.55826e+15 2.06823e+11 1.28164e+13
0.0383417 2.5575e+15 7.43196e+10 4.60542e+12 2.55752e+15 2.03042e+11 1.25821e+13
0.0384725 2.55692e+15 7.46248e+10 4.62433e+12 2.55705e+15 2.05784e+11 1.2752e+13
0.0386034 2.55632e+15 7.51677e+10 4.65797e+12 2.55631e+15 2.04936e+11 1.26994e+13
0.0387343 2.55573e+15 7.52969e+10 4.66598e+12 2.55577e+15 2.06351e+11 1.27871e+13
0.0388651 2.55508e+15 7.55289e+10 4.68036e+12 2.55503e+15 2.04393e+11 1.26658e+13
0.038996 2.55446e+15 7.60636e+10 4.71349e+12 2.55459e+15 2.06346e+11 1.27868e+13
0.0391268 2.5538e+15 7.60554e+10 4.71298e+12 2.55374e+15 2.10177e+11 1.30242e+13
0.0392577 2.55312e+15 7.58178e+10 4.69826e+12 2.55341e+15 2.01836e+11 1.25073e+13
0.0393886 2.55246e+15 7.65144e+10 4.74142e+12 2.5523e+15 2.07572e+11 1.28628e+13
0.0395194 2.55171e+15 7.6637e+10 4.74902e+12 2.55179e+15 2.07117e+11 1.28346e+13
0.0396503 2.55098e+15 7.62557e+10 4.7254e+12 2.55111e+15 2.05157e+11 1.27131e+13
0.0397811 2.55026e+15 7.66885e+10 4.75221e+12 2.55033e+15 2.02446e+11 1.25451e+13
0.039912 2.54946e+15 7.71387e+10 4.78011e+12 2.54937e+15 2.03158e+11 1.25893e+13
0.0400429 2.54868e+15 7.71505e+10 4.78084e+12 2.5488e+15 2.02525e+11 1.255e+13
0.0401737 2.54786e+15 7.66572e+10 4.75027e+12 2.54801e+15 2.06031e+11 1.27673e+13
0.0403046 2.54699e+15 7.6777e+10 4.7577e+12 2.54698e+15 2.08551e+11 1.29234e+13
0.0404354 2.5461e+15 7.68059e+10 4.75949e+12 2.54634e+15 2.03935e+11 1.26374e+13
0.0405663 2.54521e+15 7.65237e+10 4.742e+12 2.54508e+15 2.03656e+11 1.26201e+13
0.0406971 2.54426e+15 7.70534e+10 4.77483e+12 2.54423e+15 2.00575e+11 1.24292e+13
0.040828 2.54332e+15 7.74635e+10 4.80024e+12 2.5437e+15 2.06352e+11 1.27872e+13
0.0409589 2.54236e+15 7.78475e+10 4.82403e+12 2.54202e+15 2.06505e+11 1.27966e+13
0.0410897 2.54135e+15 7.82499e+10 4.84897e+12 2.54171e+15 2.03694e+11 1.26224e+13
0.0412206 2.54037e+15 7.86347e+10 4.87282e+12 2.54035e+15 2.05983e+11 1.27643e+13
0.0413514 2.53938e+15 7.94364e+10 4.92249e+12 2.53937e+15 2.07795e+11 1.28766e+13
0.0414823 2.53833e+15 7.93049e+10 4.91434e+12 2.53846e+15 2.0971e+11 1.29952e+13
0.0416132 2.53724e+15 7.93018e+10 4.91416e+12 2.53734e+15 2.05087e+11 1.27088e+13
0.041744 2.53615e+15 7.93127e+10 4.91483e+12 2.53622e+15 2.03353e+11 1.26013e+13
0.0418749 2.53503e+15 7.97715e+10 4.94326e+12 2.53511e+15 2.07838e+11 1.28792e+13
0.0420057 2.53385e+15 8.03779e+10 4.98084e+12 2.5338e+15 2.08096e+11 1.28952e+13
0.0421366 2.53268e+15 8.0077e+10 4.96219e+12 2.53295e+15 2.10024e+11 1.30147e+13
0.0422675 2.53146e+15 8.01923e+10 4.96934e+12 2.53153e+15 2.08758e+11 1.29363e+13
0.0423983 2.53022e+15 8.08012e+10 5.00707e+12 2.53013e+15 2.09816e+11 1.30018e+13
0.0425292 2.52899e+15 8.11474e+10 5.02852e+12 2.52913e+15 2.02999e+11 1.25794e+13
0.04266 2.5277e+15 8.10942e+10 5.02523e+12 2.52788e+15 2.07506e+11 1.28587e+13
0.0427909 2.52637e+15 8.10024e+10 5.01953e+12 2.5265e+15 2.09177e+11 1.29622e+13
0.0429218 2.52503e+15 8.09025e+10 5.01335e+12 2.52502e+15 2.06623e+11 1.2804e+13
0.0430526 2.52364e+15 8.04808e+10 4.98721e+12 2.52382e+15 2.11644e+11 1.31151e+13
0.0431835 2.52225e+15 8.05325e+10 4.99042e+12 2.52227e+15 2.09274e+11 1.29683e+13
0.0433143 2.52085e+15 8.10351e+10 5.02156e+12 2.5209e+15 2.10783e+11 1.30617e+13
0.0434452 2.51941e+15 8.08125e+10 5.00777e+12 2.51956e+15 2.06728e+11 1.28105e+13
0.043576 2.51795e+15 8.08053e+10 5.00732e+12 2.5182e+15 2.07644e+11 1.28672e+13
0.0437069 2.51642e+15 8.116e+10 5.0293e+12 2.51648e+15 2.0745e+11 1.28552e+13
0.0438378 2.51487e+15 8.11432e+10 5.02826e+12 2.51501e+15 2.09862e+11 1.30047e+13
0.0439686 2.51329e+15 8.16142e+10 5.05745e+12 2.51327e+15 2.08305e+11 1.29082e+13
0.0440995 2.51168e+15 8.19793e+10 5.08007e+12 2.51189e+15 2.06966e+11 1.28252e+13
0.0442303 2.51007e+15 8.25137e+10 5.11319e+12 2.5102e+15 2.06128e+11 1.27733e+13
0.0443612 2.50838e+15 8.27273e+10 5.12642e+12 2.5085e+15 2.0854e+11 1.29227e+13
0.0444921 2.50663e+15 8.2791e+10 5.13037e+12 2.50672e+15 2.08732e+11 1.29346e+13
0.0446229 2.50487e+15 8.3103e+10 5.1497e+12 2.50499e+15 2.0819e+11 1.2901e+13
0.0447538 2.50306e+15 8.31588e+10 5.15316e+12 2.50323e+15 2.0942e+11 1.29773e+13
0.0448846 2.50127e+15 8.38587e+10 5.19653e+12 2.50153e+15 2.07504e+11 1.28586e+13
0.0450155 2.49938e+15 8.37283e+10 5.18845e+12 2.49935e+15 2.09517e+11 1.29833e+13
0.0451464 2.49746e+15 8.38264e+10 5.19453e+12 2.49783e+15 2.07484e+11 1.28573e+13
0.0452772 2.49551e+15 8.43511e+10 5.22705e+12 2.49545e+15 2.10144e+11 1.30222e+13
0.0454081 2.49348e+15 8.50135e+10 5.26809e+12 2.49393e+15 2.08699e+11 1.29326e+13
0.0455389 2.49139e+15 8.51103e+10 5.27409e+12 2.49145e+15 2.09973e+11 1.30116e+13
0.0456698 2.4893e+15 8.51726e+10 5.27795e+12 2.48943e+15 2.10299e+11 1.30317e+13
0.0458006 2.48718e+15 8.56594e+10 5.30812e+12 2.48746e+15 2.06353e+11 1.27872e+13
0.0459315 2.48498e+15 8.59461e+10 5.32588e+12 2.48506e+15 2.04831e+11 1.26929e+13
0.0460624 2.48272e+15 8.71663e+10 5.4015e+12 2.4829e+15 2.12149e+11 1.31464e+13
0.0461932 2.48045e+15 8.71607e+10 5.40115e+12 2.48065e+15 2.06481e+11 1.27951e+13
0.0463241 2.47812e+15 8.78049e+10 5.44107e+12 2.4784e+15 2.11994e+11 1.31368e+13
0.0464549 2.47573e+15 8.79047e+10 5.44725e+12 2.47601e+15 2.10311e+11 1.30325e+13
0.0465858 2.47329e+15 8.74029e+10 5.41616e+12 2.47346e+15 2.06832e+11 1.28169e+13
0.0467167 2.47077e+15 8.73891e+10 5.4153e+12 2.47106e+15 2.0726e+11 1.28434e+13
0.0468475 2.46819e+15 8.73508e+10 5.41293e+12 2.4685e+15 2.05233e+11 1.27178e+13
0.0469784 2.46557e+15 8.76599e+10 5.43208e+12 2.46563e+15 2.08169e+11 1.28998e+13
0.0471092 2.46284e+15 8.8201e+10 5.46561e+12 2.46333e+15 2.08769e+11 1.29369e+13
0.0472401 2.46008e+15 8.87473e+10 5.49947e+12 2.46007e+15 2.09031e+11 1.29532e+13
0.047371 2.45724e+15 8.8983e+10 5.51407e+12 2.45763e+15 2.09862e+11 1.30047e+13
0.0475018 2.45438e+15 8.97111e+10 5.55919e+12 2.45484e+15 2.11545e+11 1.3109e+13
0.0476327 2.45141e+15 8.99459e+10 5.57375e+12 2.45165e+15 2.14227e+11 1.32752e+13
0.0477635 2.4484e+15 8.99063e+10 5.57129e+12 2.44858e+15 2.12628e+11 1.31761e+13
0.0478944 2.4453e+15 9.01485e+10 5.5863e+12 2.44585e+15 2.08667e+11 1.29306e+13
0.0480253 2.44205e+15 8.99621e+10 5.57475e+12 2.44232e+15 2.0925e+11 1.29667e+13
0.0481561 2.4388e+15 8.96623e+10 5.55617e+12 2.43914e+15 2.09207e+11 1.29641e+13
0.048287 2.4355e+15 9.00277e+10 5.57882e+12 2.4357e+15 2.10765e+11 1.30606e+13
0.0484178 2.4321e+15 9.02114e+10 5.5902e+12 2.43261e+15 2.13034e+11 1.32012e+13
0.0485487 2.42863e+15 9.00934e+10 5.58288e+12 2.429e+15 2.0835e+11 1.2911e+13
0.0486795 2.42502e+15 9.01552e+10 5.58672e+12 2.42538e+15 2.09954e+11 1.30104e+13
0.0488104 2.42134e+15 9.08917e+10 5.63235e+12 2.4219e+15 2.11009e+11 1.30757e+13
0.0489413 2.41756e+15 9.14762e+10 5.66857e+12 2.41803e+15 2.11571e+11 1.31106e+13
0.0490721 2.41369e+15 9.1176e+10 5.64997e+12 2.41416e+15 2.12556e+11 1.31716e+13
0.049203 2.4097e+15 9.18346e+10 5.69078e+12 2.41004e+15 2.07341e+11 1.28485e+13
0.0493338 2.40568e+15 9.2185e+10 5.7125e+12 2.40613e+15 2.08473e+11 1.29186e+13
0.0494647 2.40154e+15 9.18954e+10 5.69455e+12 2.40207e+15 2.1349e+11 1.32295e+13
0.0495956 2.39724e+15 9.17382e+10 5.68481e+12 2.39785e+15 2.11144e+11 1.30841e+13
0.0497264 2.39286e+15 9.19908e+10 5.70046e+12 2.39328e+15 2.07801e+11 1.2877e+13
0.0498573 2.38836e+15 9.22509e+10 5.71658e+12 2.38922e+15 2.10502e+11 1.30444e+13
0.0499881 2.38372e+15 9.21833e+10 5.71239e+12 2.38383e+15 2.10644e+11 1.30532e+13
0.050119 2.37902e+15 9.23327e+10 5.72165e+12 2.37995e+15 2.06887e+11 1.28203e+13
0.0502499 2.37417e+15 9.26272e+10 5.7399e+12 2.37471e+15 2.0997e+11 1.30113e+13
0.0503807 2.36919e+15 9.39751e+10 5.82342e+12 2.36983e+15 2.08994e+11 1.29509e+13
0.0505116 2.36409e+15 9.4374e+10 5.84814e+12 2.3647e+15 2.1355e+11 1.32332e+13
0.0506424 2.35885e+15 9.4302e+10 5.84368e+12 2.35975e+15 2.11972e+11 1.31354e+13
0.0507733 2.3535e+15 9.47726e+10 5.87284e+12 2.3542e+15 2.12634e+11 1.31764e+13
0.0509042 2.34798e+15 9.53058e+10 5.90588e+12 2.34854e+15 2.1554e+11 1.33565e+13
0.051035 2.3423e+15 9.60021e+10 5.94903e+12 2.34325e+15 2.17725e+11 1.34919e+13
0.0511659 2.33647e+15 9.58344e+10 5.93864e+12 2.33732e+15 2.10408e+11 1.30385e+13
0.0512967 2.33049e+15 9.64162e+10 5.97469e+12 2.33114e+15 2.13742e+11 1.32451e+13
0.0514276 2.32434e+15 9.72503e+10 6.02638e+12 2.32533e+15 2.12436e+11 1.31642e+13
0.0515584 2.31803e+15 9.76306e+10 6.04994e+12 2.319e+15 2.19788e+11 1.36197e+13
0.0516893 2.31159e+15 9.74104e+10 6.0363e+12 2.31251e+15 2.11117e+11 1.30824e+13
0.0518202 2.30498e+15 9.80826e+10 6.07795e+12 2.30577e+15 2.11738e+11 1.31209e+13
0.051951 2.29819e+15 9.90635e+10 6.13874e+12 2.29956e+15 2.12511e+11 1.31688e+13
0.0520819 2.29124e+15 9.9711e+10 6.17887e+12 2.29212e+15 2.154e+11 1.33478e+13
0.0522127 2.28402e+15 1.00083e+11 6.20192e+12 2.28512e+15 2.11741e+11 1.31211e+13
0.0523436 2.27659e+15 1.00222e+11 6.21056e+12 2.27797e+15 2.1487e+11 1.3315e+13
0.0524745 2.26897e+15 9.99859e+10 6.1959e+12 2.26984e+15 2.10806e+11 1.30632e+13
0.0526053 2.26115e+15 1.00535e+11 6.22993e+12 2.26272e+15 2.15828e+11 1.33743e+13
0.0527362 2.25311e+15 1.00701e+11 6.24019e+12 2.25413e+15 2.10784e+11 1.30618e+13
0.052867 2.24484e+15 1.0095e+11 6.25563e+12 2.24624e+15 2.14596e+11 1.3298e+13
0.0529979 2.23638e+15 1.01287e+11 6.27655e+12 2.23779e+15 2.10578e+11 1.30491e+13
0.0531288 2.22765e+15 1.01061e+11 6.26252e+12 2.22935e+15 2.10928e+11 1.30707e+13
0.0532596 2.21866e+15 1.00989e+11 6.25805e+12 2.21993e+15 2.15991e+11 1.33845e+13
0.0533905 2.20942e+15 1.00878e+11 6.25117e+12 2.21107e+15 2.09701e+11 1.29947e+13
0.0535213 2.19993e+15 1.01313e+11 6.27815e+12 2.20161e+15 2.08211e+11 1.29024e+13
0.0536522 2.19012e+15 1.01496e+11 6.2895e+12 2.19186e+15 2.1045e+11 1.30411e+13
0.053783 2.18009e+15 1.01765e+11 6.30617e+12 2.1819e+15 2.10751e+11 1.30597e+13
0.0539139 2.16972e+15 1.01555e+11 6.29311e+12 2.17153e+15 2.13506e+11 1.32305e+13
0.0540448 2.15909e+15 1.01908e+11 6.31502e+12 2.16088e+15 2.11636e+11 1.31146e+13
0.0541756 2.14818e+15 1.02094e+11 6.32652e+12 2.15052e+15 2.12303e+11 1.31559e+13
0.0543065 2.13692e+15 1.01819e+11 6.30952e+12 2.13875e+15 2.11075e+11 1.30798e+13
0.0544373 2.12536e+15 1.01729e+11 6.30391e+12 2.12793e+15 2.08834e+11 1.2941e+13
0.0545682 2.11344e+15 1.01961e+11 6.31827e+12 2.11538e+15 2.11091e+11 1.30809e+13
0.0546991 2.10119e+15 1.02443e+11 6.34816e+12 2.10369e+15 2.10005e+11 1.30135e+13
0.0548299 2.08861e+15 1.02142e+11 6.32953e+12 2.09106e+15 2.07806e+11 1.28773e+13
0.0549608 2.07561e+15 1.02206e+11 6.33345e+12 2.07835e+15 2.11466e+11 1.31041e+13
0.0550916 2.06225e+15 1.02573e+11 6.35621e+12 2.0648e+15 2.08512e+11 1.2921e+13
0.0552225 2.04852e+15 1.02817e+11 6.37132e+12 2.05141e+15 2.08956e+11 1.29485e+13
0.0553534 2.03433e+15 1.03327e+11 6.40294e+12 2.03739e+15 2.0725e+11 1.28428e+13
0.0554842 2.01979e+15 1.03762e+11 6.42987e+12 2.02273e+15 2.10363e+11 1.30357e+13
0.0556151 2.00485e+15 1.03659e+11 6.42352e+12 2.00813e+15 2.05209e+11 1.27164e+13
0.0557459 1.98944e+15 1.04097e+11 6.45068e+12 1.99287e+15 2.09959e+11 1.30107e+13
0.0558768 1.97361e+15 1.04209e+11 6.45757e+12 1.97718e+15 2.12063e+11 1.3141e+13
0.0560077 1.95728e+15 1.03956e+11 6.44195e+12 1.96099e+15 2.02498e+11 1.25483e+13
0.0561385 1.94044e+15 1.04342e+11 6.46583e+12 1.94424e+15 2.126e+11 1.31743e+13
0.0562694 1.92314e+15 1.05532e+11 6.53955e+12 1.92726e+15 2.05244e+11 1.27185e+13
0.0564002 1.90535e+15 1.05975e+11 6.56704e+12 1.90974e+15 2.10121e+11 1.30207e+13
0.0565311 1.88704e+15 1.06162e+11 6.5786e+12 1.89128e+15 2.05438e+11 1.27305e+13
0.0566619 1.86823e+15 1.06159e+11 6.57844e+12 1.87312e+15 2.05758e+11 1.27503e+13
0.0567928 1.84887e+15 1.06187e+11 6.58019e+12 1.85375e+15 2.05816e+11 1.27539e+13
0.0569237 1.82886e+15 1.06431e+11 6.59529e+12 1.83408e+15 2.06209e+11 1.27783e+13
0.0570545 1.80828e+15 1.06686e+11 6.61107e+12 1.81387e+15 2.04509e+11 1.2673e+13
0.0571854 1.78709e+15 1.06291e+11 6.58664e+12 1.7928e+15 2.05853e+11 1.27562e+13
0.0573162 1.76527e+15 1.05859e+11 6.55983e+12 1.77138e+15 2.04919e+11 1.26983e+13
0.0574471 1.74281e+15 1.05729e+11 6.5518e+12 1.74927e+15 2.03088e+11 1.25849e+13
0.057578 1.71968e+15 1.0572e+11 6.55122e+12 1.72651e+15 1.98352e+11 1.22914e+13
0.0577088 1.6959e+15 1.05527e+11 6.53928e+12 1.70316e+15 2.03642e+11 1.26193e+13
0.0578397 1.67141e+15 1.05264e+11 6.52295e+12 1.67896e+15 2.00982e+11 1.24544e+13
0.0579705 1.64622e+15 1.05087e+11 6.51202e+12 1.65408e+15 1.99717e+11 1.2376e+13
0.0581014 1.62026e+15 1.04839e+11 6.49665e+12 1.62878e+15 1.99734e+11 1.23771e+13
0.0582323 1.59356e+15 1.04828e+11 6.49597e+12 1.60281e+15 1.94898e+11 1.20774e+13
0.0583631 1.5661e+15 1.04963e+11 6.50434e+12 1.57571e+15 1.98335e+11 1.22904e+13
0.058494 1.53781e+15 1.04539e+11 6.47805e+12 1.54816e+15 1.91538e+11 1.18692e+13
0.0586248 1.50876e+15 1.04952e+11 6.50363e+12 1.51964e+15 1.91621e+11 1.18743e+13
0.0587557 1.47885e+15 1.0519e+11 6.51842e+12 1.49069e+15 1.91111e+11 1.18427e+13
0.0588865 1.44804e+15 1.05672e+11 6.54824e+12 1.46068e+15 1.88488e+11 1.16802e+13
0.0590174 1.4164e+15 1.05601e+11 6.54384e+12 1.42984e+15 1.8765e+11 1.16282e+13
0.0591483 1.38385e+15 1.04627e+11 6.48349e+12 1.39844e+15 1.88788e+11 1.16987e+13
0.0592791 1.35032e+15 1.03572e+11 6.41811e+12 1.36603e+15 1.80795e+11 1.12034e+13
0.05941 1.3159e+15 1.02406e+11 6.34588e+12 1.33257e+15 1.84426e+11 1.14285e+13
0.0595408 1.28053e+15 1.01629e+11 6.29771e+12 1.2992e+15 1.78607e+11 1.10678e+13
0.0596717 1.24419e+15 1.01262e+11 6.275e+12 1.26409e+15 1.81306e+11 1.12351e+13
0.0598026 1.20686e+15 1.00759e+11 6.24381e+12 1.22847e+15 1.75069e+11 1.08487e+13
0.0599334 1.1686e+15 9.98888e+10 6.18988e+12 1.19223e+15 1.70983e+11 1.05954e+13
0.0600643 1.12935e+15 9.9044e+10 6.13753e+12 1.15549e+15 1.66402e+11 1.03115e+13
0.0601951 1.08911e+15 9.79242e+10 6.06814e+12 1.11781e+15 1.63197e+11 1.0113e+13
0.060326 1.04789e+15 9.68355e+10 6.00067e+12 1.07943e+15 1.58065e+11 9.79491e+12
0.0604569 1.00576e+15 9.58256e+10 5.9381e+12 1.0407e+15 1.54067e+11 9.54719e+12
0.0605877 9.62728e+14 9.48842e+10 5.87976e+12 1.00129e+15 1.52727e+11 9.46413e+12
0.0607186 9.18877e+14 9.39225e+10 5.82016e+12 9.61873e+14 1.47096e+11 9.1152e+12
0.0608494 8.74258e+14 9.23656e+10 5.72369e+12 9.22216e+14 1.42672e+11 8.84104e+12
0.0609803 8.28997e+14 9.04089e+10 5.60243e+12 8.82743e+14 1.4099e+11 8.73685e+12
0.0611112 7.83257e+14 8.84213e+10 5.47927e+12 8.43338e+14 1.33561e+11 8.27648e+12
0.061242 7.37216e+14 8.6366e+10 5.3519e+12 8.04664e+14 1.29218e+11 8.00733e+12
0.0613729 6.91101e+14 8.34991e+10 5.17425e+12 7.66609e+14 1.24072e+11 7.68849e+12
0.0615037 6.45188e+14 8.0695e+10 5.00049e+12 7.29722e+14 1.17666e+11 7.29152e+12
0.0616346 5.99853e+14 7.76166e+10 4.80972e+12 6.94162e+14 1.13384e+11 7.02617e+12
0.0617654 5.55457e+14 7.41418e+10 4.5944e+12 6.60111e+14 1.10852e+11 6.86924e+12
0.0618963 5.1239e+14 6.99401e+10 4.33403e+12 6.27657e+14 1.03867e+11 6.43639e+12
0.0620272 4.71016e+14 6.54097e+10 4.05329e+12 5.97082e+14 9.74909e+10 6.04129e+12
0.062158 4.31716e+14 6.07135e+10 3.76228e+12 5.68408e+14 9.29676e+10 5.76099e+12
0.0622889 3.9479e+14 5.59824e+10 3.4691e+12 5.4169e+14 8.72851e+10 5.40886e+12
0.0624197 3.60459e+14 5.12364e+10 3.17501e+12 5.16676e+14 8.34356e+10 5.17031e+12
0.0625506 3.28855e+14 4.65792e+10 2.8864e+12 4.93418e+14 7.88766e+10 4.8878e+12
0.0626815 3.00009e+14 4.20073e+10 2.6031e+12 4.71912e+14 7.4614e+10 4.62366e+12
0.0628123 2.73895e+14 3.77478e+10 2.33915e+12 4.52014e+14 7.1775e+10 4.44774e+12
0.0629432 2.50382e+14 3.37792e+10 2.09322e+12 4.33351e+14 6.84602e+10 4.24232e+12
0.063074 2.29277e+14 3.03186e+10 1.87877e+12 4.16083e+14 6.64164e+10 4.11568e+12
0.0632049 2.10326e+14 2.73115e+10 1.69243e+12 4.00056e+14 6.21273e+10 3.84989e+12
0.0633358 1.93249e+14 2.46076e+10 1.52488e+12 3.85405e+14 5.98146e+10 3.70657e+12
0.0634666 1.77766e+14 2.21658e+10 1.37356e+12 3.71637e+14 5.66132e+10 3.50819e+12
0.0635975 1.63649e+14 2.01759e+10 1.25025e+12 3.5883e+14 5.52103e+10 3.42126e+12
0.0637283 1.50702e+14 1.83804e+10 1.13899e+12 3.46862e+14 5.22039e+10 3.23496e+12
0.0638592 1.38757e+14 1.68282e+10 1.0428e+12 3.35517e+14 5.1071e+10 3.16476e+12
0.0639901 1.27684e+14 1.54592e+10 9.57971e+11 3.24892e+14 4.92625e+10 3.05269e+12
0.0641209 1.17392e+14 1.42075e+10 8.80406e+11 3.15087e+14 4.74669e+10 2.94141e+12
0.0642518 1.07789e+14 1.31508e+10 8.14923e+11 3.05939e+14 4.62382e+10 2.86528e+12
0.0643826 9.87968e+13 1.20342e+10 7.4573e+11 2.97286e+14 4.42398e+10 2.74144e+12
0.0645135 9.0352e+13 1.10791e+10 6.86547e+11 2.88988e+14 4.29567e+10 2.66193e+12
0.0646443 8.24085e+13 1.01907e+10 6.31492e+11 2.81311e+14 4.29397e+10 2.66088e+12
0.0647752 7.49231e+13 9.49021e+09 5.88087e+11 2.74066e+14 4.06813e+10 2.52093e+12
0.0649061 6.78701e+13 8.79818e+09 5.45204e+11 2.67239e+14 3.96511e+10 2.45709e+12
0.0650369 6.12258e+13 8.0422e+09 4.98357e+11 2.6067e+14 3.87021e+10 2.39828e+12
0.0651678 5.49583e+13 7.43167e+09 4.60524e+11 2.54595e+14 3.71876e+10 2.30443e+12
0.0652986 4.90597e+13 6.90102e+09 4.27641e+11 2.48837e+14 3.63942e+10 2.25527e+12
0.0654295 4.352e+13 6.38305e+09 3.95543e+11 2.43355e+14 3.62061e+10 2.24361e+12
0.0655604 3.8327e+13 5.92366e+09 3.67076e+11 2.37991e+14 3.49423e+10 2.1653e+12
0.0656912 3.34702e+13 5.44389e+09 3.37345e+11 2.33058e+14 3.41649e+10 2.11712e+12
0.0658221 2.89464e+13 4.92646e+09 3.05281e+11 2.28224e+14 3.4029e+10 2.1087e+12
0.0659529 2.47527e+13 4.42804e+09 2.74396e+11 2.23775e+14 3.34084e+10 2.07024e+12
0.0660838 2.08799e+13 3.99489e+09 2.47554e+11 2.19552e+14 3.15669e+10 1.95613e+12
0.0662147 1.73303e+13 3.539e+09 2.19304e+11 2.15494e+14 3.22609e+10 1.99913e+12
0.0663455 1.4092e+13 3.15311e+09 1.95391e+11 2.11611e+14 3.07002e+10 1.90242e+12
0.0664764 1.11584e+13 2.74731e+09 1.70244e+11 2.07925e+14 2.98538e+10 1.84997e+12
0.0666072 8.52338e+12 2.31616e+09 1.43527e+11 2.04437e+14 2.9426e+10 1.82346e+12
0.0667381 6.16927e+12 1.85956e+09 1.15232e+11 2.01124e+14 2.89508e+10 1.79401e+12
0.0668689 4.05281e+12 1.31202e+09 8.1303e+10 1.9798e+14 2.86268e+10 1.77394e+12
0.0669998 2.67854e+12 9.57672e+08 5.93448e+10 1.9553e+14 3.45779e+10 2.14271e+12
