1
1
10
0
(8 0
((0) (63) (0))
((64) (127) (0))
((128) (191) (0))
((192) (255) (0))
((256) (319) (0))
((320) (383) (0))
((384) (447) (0))
((448) (511) (0))
)
8
FabOnDisk: Cell_D_00000 0
FabOnDisk: Cell_D_00000 5196
FabOnDisk: Cell_D_00000 10394
FabOnDisk: Cell_D_00000 15593
FabOnDisk: Cell_D_00000 20792
FabOnDisk: Cell_D_00000 25991
FabOnDisk: Cell_D_00000 31190
FabOnDisk: Cell_D_00000 36389

8,10
0.0000000000000000e+00,-2.1271440896774445e+09,-1.0748668832029900e+10,9.4271318296690225e+00,0.0000000000000000e+00,0.0000000000000000e+00,0.0000000000000000e+00,-5.7391918590659492e+12,-8.1179283523387764e+12,-4.0738382409808226e+04,
0.0000000000000000e+00,-3.5869598505618744e+09,-1.4493135081759989e+10,1.1623008581924935e+01,0.0000000000000000e+00,0.0000000000000000e+00,0.0000000000000000e+00,-4.8190413269039941e+12,-8.0039918295375996e+12,-4.0625969571400725e+04,
0.0000000000000000e+00,-4.5201600734507599e+09,-3.4909602701653996e+09,1.2118971962934779e+00,0.0000000000000000e+00,0.0000000000000000e+00,0.0000000000000000e+00,-8.3616768656277773e+12,-5.5373693284257236e+12,-4.6116994690303705e+04,
0.0000000000000000e+00,-3.6888869870229263e+09,7.3684360106323376e+07,-1.0404318476017096e+01,0.0000000000000000e+00,0.0000000000000000e+00,0.0000000000000000e+00,-1.0127273279046623e+13,-7.2818045333860625e+12,-8.5532963716417682e+04,
0.0000000000000000e+00,-3.7570842426478806e+09,7.9472968360182941e+08,-6.2623256461164374e+00,0.0000000000000000e+00,0.0000000000000000e+00,0.0000000000000000e+00,-5.8416996063541455e+12,-6.4865089397721699e+12,-7.4619918896744814e+04,
0.0000000000000000e+00,-3.8950362929981250e+11,5.4080779522037351e+08,-1.3029589354919590e+03,0.0000000000000000e+00,0.0000000000000000e+00,0.0000000000000000e+00,-8.8165676465524629e+12,-6.5375445971591689e+12,-7.0925676938409131e+04,
0.0000000000000000e+00,-9.8181466184372930e+12,-6.1764788589821935e+08,-4.8258290964836517e+04,0.0000000000000000e+00,0.0000000000000000e+00,0.0000000000000000e+00,-1.2487699112812645e+13,-1.5518684492957943e+13,-1.3173115623286783e+05,
0.0000000000000000e+00,-1.4053203023268484e+13,-7.1214237602918839e+08,-6.0999875099669036e+04,0.0000000000000000e+00,0.0000000000000000e+00,0.0000000000000000e+00,-1.3344803367657756e+13,-1.4191911280870738e+13,-1.0221408061767393e+05,

8,10
0.0000000000000000e+00,3.9561486115072331e+09,9.7675884871941357e+09,3.2734851753210947e+01,0.0000000000000000e+00,0.0000000000000000e+00,0.0000000000000000e+00,2.5728417815601431e+12,4.9065338185015430e+12,-3.7700226197515249e+01,
0.0000000000000000e+00,1.8506201039820213e+09,8.2552839915423546e+09,3.2108204446194719e+01,0.0000000000000000e+00,0.0000000000000000e+00,0.0000000000000000e+00,3.6746376691605664e+12,6.7065736026036143e+12,0.0000000000000000e+00,
0.0000000000000000e+00,3.0459959305659409e+09,8.1983708423619032e+09,3.2642572595127461e+01,0.0000000000000000e+00,0.0000000000000000e+00,0.0000000000000000e+00,5.0324755130383213e+12,4.3028576379725737e+12,-2.1846593437218179e-01,
0.0000000000000000e+00,1.9433137301570969e+09,8.4440275522913504e+09,1.2044985384182155e+01,0.0000000000000000e+00,0.0000000000000000e+00,0.0000000000000000e+00,1.6632940754488445e+13,6.2123371295198604e+12,0.0000000000000000e+00,
0.0000000000000000e+00,3.5474561562170105e+09,9.5618365197651501e+09,1.3755144457511307e+01,0.0000000000000000e+00,0.0000000000000000e+00,0.0000000000000000e+00,5.4456585763023203e+12,7.7474901836327344e+12,-5.0955608488315827e+00,
0.0000000000000000e+00,2.6394602438884637e+11,1.2485782620004271e+10,8.8310977575143045e+02,0.0000000000000000e+00,0.0000000000000000e+00,0.0000000000000000e+00,5.8774715020195898e+12,8.5168546862231875e+12,-7.1737368333490231e+03,
0.0000000000000000e+00,9.8795165543095059e+12,1.0005688987285412e+10,5.0936867549094022e+04,0.0000000000000000e+00,0.0000000000000000e+00,0.0000000000000000e+00,1.2572295627250488e+13,1.4241619343422828e+13,-5.0785415244869561e+01,
0.0000000000000000e+00,1.4080873181634879e+13,8.3602368652513075e+09,6.0501073817502052e+04,0.0000000000000000e+00,0.0000000000000000e+00,0.0000000000000000e+00,1.9032228104777340e+13,1.3362251714456105e+13,-4.2897302326847068e+02,

