HyperCLaw-V1.1
10
Ex
Ey
Ez
Bx
By
Bz
jx
jy
jz
rho
1
8.8602962787008943e-14
0
-2.9570312500000056e-05 
3.8429687500000337e-05 

((0) (511) (0)) 
200 
1.3281250000000077e-07 
0
0
0 8 8.8602962787008943e-14
200
-2.9570312500000056e-05 -2.1070312500000005e-05
-2.1070312500000005e-05 -1.2570312499999957e-05
-1.2570312499999957e-05 -4.07031249999991e-06
-4.07031249999991e-06 4.4296875000001407e-06
4.4296875000001407e-06 1.2929687500000191e-05
1.2929687500000191e-05 2.1429687500000235e-05
2.1429687500000235e-05 2.9929687500000286e-05
2.9929687500000286e-05 3.8429687500000337e-05
Level_0/Cell
