Checkpoint version: 1
1
200 
1 
4.4301481393504472e-14 
-1.7976931348623157e+308 
2.2150740696752286e-16 
-4.2718750000000269e-05
0
-4.2785156250000268e-05 
2.5214843749999816e-05 
(16 0
((0) (63) (0))
((64) (127) (0))
((128) (191) (0))
((192) (255) (0))
((256) (319) (0))
((320) (383) (0))
((384) (447) (0))
((448) (511) (0))
((512) (575) (0))
((576) (639) (0))
((640) (703) (0))
((704) (767) (0))
((768) (831) (0))
((832) (895) (0))
((896) (959) (0))
((960) (1023) (0))
)
-1.6021766339999999e-19 9.1093837015000008e-31
2.5148437499999818e-05
1
4.4079973986536951e-14
