HyperCLaw-V1.1
10
Ex
Ey
Ez
Bx
By
Bz
jx
jy
jz
rho
1
4.0392527152901502e-13
0
9.0937499999993554e-06 
0.00013309375000000043 

((0) (1023) (0)) 
1000 
1.2109375000000104e-07 
0
0
0 16 4.0392527152901502e-13
1000
9.0937499999993554e-06 1.6843749999999423e-05
1.6843749999999423e-05 2.459374999999949e-05
2.459374999999949e-05 3.2343749999999556e-05
3.2343749999999556e-05 4.0093749999999623e-05
4.0093749999999623e-05 4.7843749999999689e-05
4.7843749999999689e-05 5.5593749999999756e-05
5.5593749999999756e-05 6.3343749999999815e-05
6.3343749999999815e-05 7.1093749999999882e-05
7.1093749999999882e-05 7.8843749999999948e-05
7.8843749999999948e-05 8.6593750000000014e-05
8.6593750000000014e-05 9.4343750000000081e-05
9.4343750000000081e-05 0.00010209375000000015
0.00010209375000000015 0.00010984375000000021
0.00010984375000000021 0.00011759375000000028
0.00011759375000000028 0.00012534375000000035
0.00012534375000000035 0.00013309375000000043
Level_0/Cell
