1
1
10
0
(32 0
((0) (63) (0))
((64) (127) (0))
((128) (191) (0))
((192) (255) (0))
((256) (319) (0))
((320) (383) (0))
((384) (447) (0))
((448) (511) (0))
((512) (575) (0))
((576) (639) (0))
((640) (703) (0))
((704) (767) (0))
((768) (831) (0))
((832) (895) (0))
((896) (959) (0))
((960) (1023) (0))
((1024) (1087) (0))
((1088) (1151) (0))
((1152) (1215) (0))
((1216) (1279) (0))
((1280) (1343) (0))
((1344) (1407) (0))
((1408) (1471) (0))
((1472) (1535) (0))
((1536) (1599) (0))
((1600) (1663) (0))
((1664) (1727) (0))
((1728) (1791) (0))
((1792) (1855) (0))
((1856) (1919) (0))
((1920) (1983) (0))
((1984) (2047) (0))
)
32
FabOnDisk: Cell_D_00000 0
FabOnDisk: Cell_D_00000 5196
FabOnDisk: Cell_D_00000 10394
FabOnDisk: Cell_D_00000 15593
FabOnDisk: Cell_D_00000 20792
FabOnDisk: Cell_D_00000 25991
FabOnDisk: Cell_D_00000 31190
FabOnDisk: Cell_D_00000 36389
FabOnDisk: Cell_D_00000 41588
FabOnDisk: Cell_D_00000 46787
FabOnDisk: Cell_D_00000 51986
FabOnDisk: Cell_D_00000 57185
FabOnDisk: Cell_D_00000 62384
FabOnDisk: Cell_D_00000 67583
FabOnDisk: Cell_D_00000 72782
FabOnDisk: Cell_D_00000 77981
FabOnDisk: Cell_D_00000 83181
FabOnDisk: Cell_D_00000 88382
FabOnDisk: Cell_D_00000 93583
FabOnDisk: Cell_D_00000 98784
FabOnDisk: Cell_D_00000 103985
FabOnDisk: Cell_D_00000 109186
FabOnDisk: Cell_D_00000 114387
FabOnDisk: Cell_D_00000 119588
FabOnDisk: Cell_D_00000 124789
FabOnDisk: Cell_D_00000 129990
FabOnDisk: Cell_D_00000 135191
FabOnDisk: Cell_D_00000 140392
FabOnDisk: Cell_D_00000 145593
FabOnDisk: Cell_D_00000 150794
FabOnDisk: Cell_D_00000 155995
FabOnDisk: Cell_D_00000 161196

32,10
0.0000000000000000e+00,0.0000000000000000e+00,0.0000000000000000e+00,0.0000000000000000e+00,0.0000000000000000e+00,0.0000000000000000e+00,0.0000000000000000e+00,0.0000000000000000e+00,0.0000000000000000e+00,0.0000000000000000e+00,
0.0000000000000000e+00,0.0000000000000000e+00,0.0000000000000000e+00,0.0000000000000000e+00,0.0000000000000000e+00,0.0000000000000000e+00,0.0000000000000000e+00,0.0000000000000000e+00,0.0000000000000000e+00,0.0000000000000000e+00,
0.0000000000000000e+00,0.0000000000000000e+00,0.0000000000000000e+00,0.0000000000000000e+00,0.0000000000000000e+00,0.0000000000000000e+00,0.0000000000000000e+00,0.0000000000000000e+00,0.0000000000000000e+00,0.0000000000000000e+00,
0.0000000000000000e+00,0.0000000000000000e+00,0.0000000000000000e+00,0.0000000000000000e+00,0.0000000000000000e+00,0.0000000000000000e+00,0.0000000000000000e+00,0.0000000000000000e+00,0.0000000000000000e+00,0.0000000000000000e+00,
0.0000000000000000e+00,0.0000000000000000e+00,0.0000000000000000e+00,0.0000000000000000e+00,0.0000000000000000e+00,0.0000000000000000e+00,0.0000000000000000e+00,0.0000000000000000e+00,0.0000000000000000e+00,0.0000000000000000e+00,
0.0000000000000000e+00,-3.4553466597873425e+11,0.0000000000000000e+00,-1.1525795821679217e+03,0.0000000000000000e+00,0.0000000000000000e+00,0.0000000000000000e+00,0.0000000000000000e+00,0.0000000000000000e+00,0.0000000000000000e+00,
0.0000000000000000e+00,-2.0932091603139648e+12,0.0000000000000000e+00,-6.9821941962061128e+03,0.0000000000000000e+00,0.0000000000000000e+00,0.0000000000000000e+00,0.0000000000000000e+00,0.0000000000000000e+00,0.0000000000000000e+00,
0.0000000000000000e+00,-7.1657618473656143e+12,0.0000000000000000e+00,-2.3902408670219495e+04,0.0000000000000000e+00,0.0000000000000000e+00,0.0000000000000000e+00,0.0000000000000000e+00,0.0000000000000000e+00,0.0000000000000000e+00,
0.0000000000000000e+00,-1.1853989769018854e+13,0.0000000000000000e+00,-3.9540653717909241e+04,0.0000000000000000e+00,0.0000000000000000e+00,0.0000000000000000e+00,0.0000000000000000e+00,0.0000000000000000e+00,0.0000000000000000e+00,
0.0000000000000000e+00,-1.5694234824883969e+13,0.0000000000000000e+00,-5.2350332391897471e+04,0.0000000000000000e+00,0.0000000000000000e+00,0.0000000000000000e+00,0.0000000000000000e+00,0.0000000000000000e+00,0.0000000000000000e+00,
0.0000000000000000e+00,-1.5232566006957312e+13,0.0000000000000000e+00,-5.0810370976568418e+04,0.0000000000000000e+00,0.0000000000000000e+00,0.0000000000000000e+00,0.0000000000000000e+00,0.0000000000000000e+00,0.0000000000000000e+00,
0.0000000000000000e+00,-9.8244684656950098e+12,0.0000000000000000e+00,-3.2770899345623286e+04,0.0000000000000000e+00,0.0000000000000000e+00,0.0000000000000000e+00,0.0000000000000000e+00,0.0000000000000000e+00,0.0000000000000000e+00,
0.0000000000000000e+00,-5.0678549632024375e+12,0.0000000000000000e+00,-1.6904544553960812e+04,0.0000000000000000e+00,0.0000000000000000e+00,0.0000000000000000e+00,0.0000000000000000e+00,0.0000000000000000e+00,0.0000000000000000e+00,
0.0000000000000000e+00,-1.2227863727794224e+12,0.0000000000000000e+00,-4.0787763005679426e+03,0.0000000000000000e+00,0.0000000000000000e+00,0.0000000000000000e+00,0.0000000000000000e+00,0.0000000000000000e+00,0.0000000000000000e+00,
0.0000000000000000e+00,-3.0636207968742816e+11,0.0000000000000000e+00,-1.0219138991395723e+03,0.0000000000000000e+00,0.0000000000000000e+00,0.0000000000000000e+00,0.0000000000000000e+00,0.0000000000000000e+00,0.0000000000000000e+00,
0.0000000000000000e+00,-3.1677123025799164e+10,0.0000000000000000e+00,-1.0566350880577306e+02,0.0000000000000000e+00,0.0000000000000000e+00,0.0000000000000000e+00,0.0000000000000000e+00,0.0000000000000000e+00,0.0000000000000000e+00,
0.0000000000000000e+00,-1.2157011138617859e+09,0.0000000000000000e+00,-4.0551424207261562e+00,0.0000000000000000e+00,0.0000000000000000e+00,0.0000000000000000e+00,0.0000000000000000e+00,0.0000000000000000e+00,0.0000000000000000e+00,
0.0000000000000000e+00,1.3698547393231201e+08,0.0000000000000000e+00,4.5693435672001215e-01,0.0000000000000000e+00,0.0000000000000000e+00,0.0000000000000000e+00,0.0000000000000000e+00,0.0000000000000000e+00,0.0000000000000000e+00,
0.0000000000000000e+00,6.2529992269598389e+08,0.0000000000000000e+00,1.8397609278856635e+00,0.0000000000000000e+00,0.0000000000000000e+00,0.0000000000000000e+00,0.0000000000000000e+00,0.0000000000000000e+00,0.0000000000000000e+00,
0.0000000000000000e+00,-1.1566702254713440e+09,4.6202357789520353e+08,-1.7845497794091898e+00,0.0000000000000000e+00,0.0000000000000000e+00,0.0000000000000000e+00,0.0000000000000000e+00,0.0000000000000000e+00,0.0000000000000000e+00,
0.0000000000000000e+00,-1.2020610918641815e+10,1.0979026560468664e+09,-6.5353869713158588e+01,0.0000000000000000e+00,0.0000000000000000e+00,0.0000000000000000e+00,0.0000000000000000e+00,0.0000000000000000e+00,0.0000000000000000e+00,
0.0000000000000000e+00,-1.6630587156598636e+11,1.4337606006814640e+09,-4.0416685605332680e+02,0.0000000000000000e+00,0.0000000000000000e+00,0.0000000000000000e+00,0.0000000000000000e+00,0.0000000000000000e+00,0.0000000000000000e+00,
0.0000000000000000e+00,-1.2111974167511743e+12,2.2500190934226723e+09,-3.0385101767523865e+03,0.0000000000000000e+00,0.0000000000000000e+00,0.0000000000000000e+00,0.0000000000000000e+00,0.0000000000000000e+00,0.0000000000000000e+00,
0.0000000000000000e+00,-3.3454058248894341e+12,2.7112782257043004e+09,-1.3803130383188538e+04,0.0000000000000000e+00,0.0000000000000000e+00,0.0000000000000000e+00,0.0000000000000000e+00,0.0000000000000000e+00,0.0000000000000000e+00,
0.0000000000000000e+00,-9.4748616357198027e+12,3.0601629456239738e+09,-2.7607735732437810e+04,0.0000000000000000e+00,0.0000000000000000e+00,0.0000000000000000e+00,0.0000000000000000e+00,0.0000000000000000e+00,0.0000000000000000e+00,
0.0000000000000000e+00,-1.4943681057439297e+13,2.4322525511864977e+09,-4.8986082055172526e+04,0.0000000000000000e+00,0.0000000000000000e+00,0.0000000000000000e+00,-3.2849258055669348e+13,-2.1960771120187938e+13,-2.1951569053833344e+05,
0.0000000000000000e+00,-1.5791520521144166e+13,1.3818697693449383e+09,-5.2302182054101409e+04,0.0000000000000000e+00,0.0000000000000000e+00,0.0000000000000000e+00,-3.8145811404312023e+13,-2.7694928322646637e+13,-2.6940715326963022e+05,
0.0000000000000000e+00,-1.3930805386808771e+13,3.6613690918298799e+08,-4.3299932571223391e+04,0.0000000000000000e+00,0.0000000000000000e+00,0.0000000000000000e+00,-3.1296249707050625e+13,-2.7097368580193805e+13,-2.0828301434956334e+05,
0.0000000000000000e+00,-7.1714759739934736e+12,5.2123475742374465e+07,-2.7799448271567540e+04,0.0000000000000000e+00,0.0000000000000000e+00,0.0000000000000000e+00,-1.7237981419398125e+13,-7.5131152533604131e+12,-8.3923116104663874e+04,
0.0000000000000000e+00,-3.1327670498159414e+12,8.3517867831618022e+06,-8.8996720912631554e+03,0.0000000000000000e+00,0.0000000000000000e+00,0.0000000000000000e+00,-6.1232696892835215e+12,-6.1554102516207861e+11,-3.8878897898690280e+04,
0.0000000000000000e+00,-6.6323227978191479e+11,-5.5770545477160916e+05,-1.6164241116245685e+03,0.0000000000000000e+00,0.0000000000000000e+00,0.0000000000000000e+00,-2.4251757039356211e+12,-1.6714120670402609e+11,-3.3062170612977847e+04,
0.0000000000000000e+00,-3.0428369530375430e-79,0.0000000000000000e+00,-1.8381993121439778e-81,0.0000000000000000e+00,0.0000000000000000e+00,0.0000000000000000e+00,-7.7362899527719220e-70,0.0000000000000000e+00,-3.2043532680000746e+04,

32,10
0.0000000000000000e+00,0.0000000000000000e+00,0.0000000000000000e+00,0.0000000000000000e+00,0.0000000000000000e+00,0.0000000000000000e+00,0.0000000000000000e+00,0.0000000000000000e+00,0.0000000000000000e+00,0.0000000000000000e+00,
0.0000000000000000e+00,0.0000000000000000e+00,0.0000000000000000e+00,0.0000000000000000e+00,0.0000000000000000e+00,0.0000000000000000e+00,0.0000000000000000e+00,0.0000000000000000e+00,0.0000000000000000e+00,0.0000000000000000e+00,
0.0000000000000000e+00,0.0000000000000000e+00,0.0000000000000000e+00,0.0000000000000000e+00,0.0000000000000000e+00,0.0000000000000000e+00,0.0000000000000000e+00,0.0000000000000000e+00,0.0000000000000000e+00,0.0000000000000000e+00,
0.0000000000000000e+00,0.0000000000000000e+00,0.0000000000000000e+00,0.0000000000000000e+00,0.0000000000000000e+00,0.0000000000000000e+00,0.0000000000000000e+00,0.0000000000000000e+00,0.0000000000000000e+00,0.0000000000000000e+00,
0.0000000000000000e+00,0.0000000000000000e+00,0.0000000000000000e+00,0.0000000000000000e+00,0.0000000000000000e+00,0.0000000000000000e+00,0.0000000000000000e+00,0.0000000000000000e+00,0.0000000000000000e+00,0.0000000000000000e+00,
0.0000000000000000e+00,4.8539508059640466e+11,0.0000000000000000e+00,1.6191037087277384e+03,0.0000000000000000e+00,0.0000000000000000e+00,0.0000000000000000e+00,0.0000000000000000e+00,0.0000000000000000e+00,0.0000000000000000e+00,
0.0000000000000000e+00,2.2931820686683994e+12,0.0000000000000000e+00,7.6492320186000134e+03,0.0000000000000000e+00,0.0000000000000000e+00,0.0000000000000000e+00,0.0000000000000000e+00,0.0000000000000000e+00,0.0000000000000000e+00,
0.0000000000000000e+00,6.0732805086867422e+12,0.0000000000000000e+00,2.0258283177646663e+04,0.0000000000000000e+00,0.0000000000000000e+00,0.0000000000000000e+00,0.0000000000000000e+00,0.0000000000000000e+00,0.0000000000000000e+00,
0.0000000000000000e+00,1.2921469580808973e+13,0.0000000000000000e+00,4.3101383093529919e+04,0.0000000000000000e+00,0.0000000000000000e+00,0.0000000000000000e+00,0.0000000000000000e+00,0.0000000000000000e+00,0.0000000000000000e+00,
0.0000000000000000e+00,1.5566604158153414e+13,0.0000000000000000e+00,5.1924602313222378e+04,0.0000000000000000e+00,0.0000000000000000e+00,0.0000000000000000e+00,0.0000000000000000e+00,0.0000000000000000e+00,0.0000000000000000e+00,
0.0000000000000000e+00,1.5585399274670314e+13,0.0000000000000000e+00,5.1987296073573416e+04,0.0000000000000000e+00,0.0000000000000000e+00,0.0000000000000000e+00,0.0000000000000000e+00,0.0000000000000000e+00,0.0000000000000000e+00,
0.0000000000000000e+00,1.0642791503744918e+13,0.0000000000000000e+00,3.5500531183292580e+04,0.0000000000000000e+00,0.0000000000000000e+00,0.0000000000000000e+00,0.0000000000000000e+00,0.0000000000000000e+00,0.0000000000000000e+00,
0.0000000000000000e+00,4.1608710739058242e+12,0.0000000000000000e+00,1.3879171950035634e+04,0.0000000000000000e+00,0.0000000000000000e+00,0.0000000000000000e+00,0.0000000000000000e+00,0.0000000000000000e+00,0.0000000000000000e+00,
0.0000000000000000e+00,1.6136611953274534e+12,0.0000000000000000e+00,5.3825943657577445e+03,0.0000000000000000e+00,0.0000000000000000e+00,0.0000000000000000e+00,0.0000000000000000e+00,0.0000000000000000e+00,0.0000000000000000e+00,
0.0000000000000000e+00,2.4057335452233850e+11,0.0000000000000000e+00,8.0246633330032000e+02,0.0000000000000000e+00,0.0000000000000000e+00,0.0000000000000000e+00,0.0000000000000000e+00,0.0000000000000000e+00,0.0000000000000000e+00,
0.0000000000000000e+00,2.1087227219209991e+10,0.0000000000000000e+00,7.0339418676175683e+01,0.0000000000000000e+00,0.0000000000000000e+00,0.0000000000000000e+00,0.0000000000000000e+00,0.0000000000000000e+00,0.0000000000000000e+00,
0.0000000000000000e+00,3.4708607180819092e+09,0.0000000000000000e+00,1.1577545149898469e+01,0.0000000000000000e+00,0.0000000000000000e+00,0.0000000000000000e+00,0.0000000000000000e+00,0.0000000000000000e+00,0.0000000000000000e+00,
0.0000000000000000e+00,8.0204680273449707e+08,0.0000000000000000e+00,2.6753401606360967e+00,0.0000000000000000e+00,0.0000000000000000e+00,0.0000000000000000e+00,0.0000000000000000e+00,0.0000000000000000e+00,0.0000000000000000e+00,
0.0000000000000000e+00,1.0525376108062744e+09,4.4561757155847728e+08,3.5150924312672487e+00,0.0000000000000000e+00,0.0000000000000000e+00,0.0000000000000000e+00,2.6387432039971399e+11,0.0000000000000000e+00,0.0000000000000000e+00,
0.0000000000000000e+00,1.4450280594827881e+09,1.1081149573778429e+09,7.4636395004673659e+00,0.0000000000000000e+00,0.0000000000000000e+00,0.0000000000000000e+00,0.0000000000000000e+00,0.0000000000000000e+00,0.0000000000000000e+00,
0.0000000000000000e+00,2.1601131249963593e+10,1.4449237907479293e+09,4.6109239833081801e+01,0.0000000000000000e+00,0.0000000000000000e+00,0.0000000000000000e+00,0.0000000000000000e+00,0.0000000000000000e+00,0.0000000000000000e+00,
0.0000000000000000e+00,1.2254438751745496e+11,2.2452032256728411e+09,5.5977444455952195e+02,0.0000000000000000e+00,0.0000000000000000e+00,0.0000000000000000e+00,0.0000000000000000e+00,0.0000000000000000e+00,0.0000000000000000e+00,
0.0000000000000000e+00,9.1226958698368042e+11,2.7057783942581730e+09,4.0455221283268020e+03,0.0000000000000000e+00,0.0000000000000000e+00,0.0000000000000000e+00,0.0000000000000000e+00,0.0000000000000000e+00,0.0000000000000000e+00,
0.0000000000000000e+00,4.1400010429798789e+12,3.1155094589436650e+09,1.1166655545503763e+04,0.0000000000000000e+00,0.0000000000000000e+00,0.0000000000000000e+00,0.0000000000000000e+00,0.0000000000000000e+00,0.0000000000000000e+00,
0.0000000000000000e+00,8.2775188752638633e+12,3.4988079350410824e+09,3.1608000626738707e+04,0.0000000000000000e+00,0.0000000000000000e+00,0.0000000000000000e+00,0.0000000000000000e+00,0.0000000000000000e+00,0.0000000000000000e+00,
0.0000000000000000e+00,1.4688148998054812e+13,3.7130750500611954e+09,4.9849685688984799e+04,0.0000000000000000e+00,0.0000000000000000e+00,0.0000000000000000e+00,3.2441139295037125e+13,3.5117858643771980e+13,0.0000000000000000e+00,
0.0000000000000000e+00,1.5681710209768738e+13,2.9579187624581761e+09,5.2676029486597254e+04,0.0000000000000000e+00,0.0000000000000000e+00,0.0000000000000000e+00,3.4282797878752422e+13,2.0719347293732117e+13,-3.2510694629168378e+04,
0.0000000000000000e+00,1.2982349875810414e+13,1.2398765300747225e+09,4.6468151852676616e+04,0.0000000000000000e+00,0.0000000000000000e+00,0.0000000000000000e+00,2.7811992265106164e+13,1.0278529890838930e+13,-3.5035292440950710e+04,
0.0000000000000000e+00,8.3348544067214287e+12,4.0310439177812696e+08,2.3921295906832667e+04,0.0000000000000000e+00,0.0000000000000000e+00,0.0000000000000000e+00,1.5238551609806996e+13,3.9755212757587422e+12,-3.2530931298152485e+04,
0.0000000000000000e+00,2.6685862673264727e+12,6.8708882520848662e+07,1.0450550638575120e+04,0.0000000000000000e+00,0.0000000000000000e+00,0.0000000000000000e+00,6.3260671284506328e+12,4.0030140384141516e+11,-3.2069510253832384e+04,
0.0000000000000000e+00,4.8470003747887939e+11,6.3874130830264390e+06,2.2126212419227745e+03,0.0000000000000000e+00,0.0000000000000000e+00,0.0000000000000000e+00,6.7590652822792969e+11,1.7814207236543541e+10,-3.2043532679999524e+04,
0.0000000000000000e+00,5.5188455096825301e-73,0.0000000000000000e+00,1.0144486640765521e-87,0.0000000000000000e+00,0.0000000000000000e+00,0.0000000000000000e+00,1.4993232610129311e-64,0.0000000000000000e+00,-8.3446699687522469e+03,

