1
1
10
0
(8 0
((0) (63) (0))
((64) (127) (0))
((128) (191) (0))
((192) (255) (0))
((256) (319) (0))
((320) (383) (0))
((384) (447) (0))
((448) (511) (0))
)
8
FabOnDisk: Cell_D_00000 0
FabOnDisk: Cell_D_00000 5196
FabOnDisk: Cell_D_00000 10394
FabOnDisk: Cell_D_00000 15593
FabOnDisk: Cell_D_00000 20792
FabOnDisk: Cell_D_00000 25991
FabOnDisk: Cell_D_00000 31190
FabOnDisk: Cell_D_00000 36389

8,10
0.0000000000000000e+00,6.7081064225346680e+09,-2.3376416339455671e+09,1.0872044029258177e+01,0.0000000000000000e+00,0.0000000000000000e+00,0.0000000000000000e+00,-1.1082603159615832e+13,-6.7866460491712627e+12,0.0000000000000000e+00,
0.0000000000000000e+00,7.0120369236098633e+09,-2.1961962258126979e+09,6.2419170673110784e+00,0.0000000000000000e+00,0.0000000000000000e+00,0.0000000000000000e+00,-8.1517590382387695e+12,-6.9307425789816582e+12,0.0000000000000000e+00,
0.0000000000000000e+00,6.1721330286020508e+09,-5.9097355930943155e+08,-9.3427212687674910e+00,0.0000000000000000e+00,0.0000000000000000e+00,0.0000000000000000e+00,-5.6858192572377373e+12,-5.9815377382709883e+12,0.0000000000000000e+00,
0.0000000000000000e+00,7.6389946024150391e+09,-7.2392033383004916e+08,-2.7636511480490299e+01,0.0000000000000000e+00,0.0000000000000000e+00,0.0000000000000000e+00,-5.5867570040290078e+12,-1.2550987502234475e+13,0.0000000000000000e+00,
0.0000000000000000e+00,1.0829543684725098e+10,-1.4883092457838418e+09,-4.8990043563448125e+01,0.0000000000000000e+00,0.0000000000000000e+00,0.0000000000000000e+00,-4.7579517008255635e+12,-8.6571770422498750e+12,0.0000000000000000e+00,
0.0000000000000000e+00,-2.5272792868563145e+12,-2.3618938122750390e+08,-9.3675069123994526e+03,0.0000000000000000e+00,0.0000000000000000e+00,0.0000000000000000e+00,-7.6692624279389102e+12,-8.1218050394974658e+12,0.0000000000000000e+00,
0.0000000000000000e+00,-1.2657037569208797e+13,-2.6667825217752391e+08,-4.2068472882169663e+04,0.0000000000000000e+00,0.0000000000000000e+00,0.0000000000000000e+00,-1.9441486187833391e+13,-1.2941547312336709e+13,0.0000000000000000e+00,
0.0000000000000000e+00,-5.8966389107468594e+12,-7.7808094080439299e+07,-2.2810316491989684e+04,0.0000000000000000e+00,0.0000000000000000e+00,0.0000000000000000e+00,-8.4372139716440742e+12,-3.9950027356952979e+12,0.0000000000000000e+00,

8,10
0.0000000000000000e+00,9.6038875025795898e+09,6.7344956754389882e+07,3.8506899918043928e+01,0.0000000000000000e+00,0.0000000000000000e+00,0.0000000000000000e+00,5.3251949557169766e+12,9.8806110887298418e+12,0.0000000000000000e+00,
0.0000000000000000e+00,1.1140010527463867e+10,9.2011775255428481e+08,2.8017283874583882e+01,0.0000000000000000e+00,0.0000000000000000e+00,0.0000000000000000e+00,6.5980725344964316e+12,7.5032067112007139e+12,0.0000000000000000e+00,
0.0000000000000000e+00,1.1349835670765625e+10,1.3212071269788013e+09,1.4169954800056075e+01,0.0000000000000000e+00,0.0000000000000000e+00,0.0000000000000000e+00,5.1911016687872793e+12,5.2590395000576729e+12,0.0000000000000000e+00,
0.0000000000000000e+00,1.3196376258531250e+10,1.6236754764528174e+09,2.5054763142816228e+00,0.0000000000000000e+00,0.0000000000000000e+00,0.0000000000000000e+00,4.1496269297789321e+12,8.0996494875025957e+12,0.0000000000000000e+00,
0.0000000000000000e+00,2.0916294383563965e+10,1.2507553718976691e+09,-1.0022571526158572e+01,0.0000000000000000e+00,0.0000000000000000e+00,0.0000000000000000e+00,7.5005476591574883e+12,9.0841658103492363e+12,0.0000000000000000e+00,
0.0000000000000000e+00,2.8101497541050264e+12,1.2476488437671058e+09,8.4296744762589351e+03,0.0000000000000000e+00,0.0000000000000000e+00,0.0000000000000000e+00,1.8278294716491914e+12,7.6234182091188916e+12,0.0000000000000000e+00,
0.0000000000000000e+00,1.2613679501447152e+13,1.1743065683014607e+09,4.2224840255749572e+04,0.0000000000000000e+00,0.0000000000000000e+00,0.0000000000000000e+00,1.0033375116815148e+13,1.7111776963102904e+13,0.0000000000000000e+00,
0.0000000000000000e+00,6.8388761104131348e+12,9.5300163931492329e+07,1.9669076501311298e+04,0.0000000000000000e+00,0.0000000000000000e+00,0.0000000000000000e+00,7.8764873938713965e+12,3.3490322502621641e+12,0.0000000000000000e+00,

