1
1
10
0
(8 0
((0) (63) (0))
((64) (127) (0))
((128) (191) (0))
((192) (255) (0))
((256) (319) (0))
((320) (383) (0))
((384) (447) (0))
((448) (511) (0))
)
8
FabOnDisk: Cell_D_00000 0
FabOnDisk: Cell_D_00000 5196
FabOnDisk: Cell_D_00000 10394
FabOnDisk: Cell_D_00000 15593
FabOnDisk: Cell_D_00000 20792
FabOnDisk: Cell_D_00000 25991
FabOnDisk: Cell_D_00000 31190
FabOnDisk: Cell_D_00000 36389

8,10
0.0000000000000000e+00,-1.1713023411319971e+13,-2.5670329189626110e+10,-3.9048761674842215e+04,0.0000000000000000e+00,0.0000000000000000e+00,0.0000000000000000e+00,-1.2851837823427367e+13,-6.1298011755901084e+12,-5.3828330090719013e+04,
0.0000000000000000e+00,-1.1526299991810100e+13,-3.0183911927350498e+10,-3.8446855024742566e+04,0.0000000000000000e+00,0.0000000000000000e+00,0.0000000000000000e+00,-1.1739385120385875e+13,-1.2667123691428033e+13,-1.2786892536669743e+05,
0.0000000000000000e+00,-1.3222073811385379e+13,-2.8692200325107346e+10,-4.4089104108523527e+04,0.0000000000000000e+00,0.0000000000000000e+00,0.0000000000000000e+00,-1.5999169827723807e+13,-1.1947073767389375e+13,-6.6831644073393516e+04,
0.0000000000000000e+00,-5.7492968157057800e+11,-2.6953860785167988e+10,-1.9165221741309308e+03,0.0000000000000000e+00,0.0000000000000000e+00,0.0000000000000000e+00,-1.0022171563567023e+13,-6.6711719975618701e+12,-5.9540560861482692e+04,
0.0000000000000000e+00,-2.0552513755509796e+09,-2.1654937919525009e+10,-1.2113914100984573e+01,0.0000000000000000e+00,0.0000000000000000e+00,0.0000000000000000e+00,-5.8910138384777812e+12,-4.3217924092224756e+12,-5.7811107921531788e+04,
0.0000000000000000e+00,-2.3365400222769012e+09,-1.0067821117699121e+10,-1.2148805719098846e+01,0.0000000000000000e+00,0.0000000000000000e+00,0.0000000000000000e+00,-3.8721478001508369e+12,-6.6109041870321416e+12,-5.6373983755654481e+04,
0.0000000000000000e+00,-1.8446782171347160e+09,1.4477741776837549e+08,-8.2531102014950903e+00,0.0000000000000000e+00,0.0000000000000000e+00,0.0000000000000000e+00,-3.9520202029078721e+12,-4.2861471289361772e+12,-2.8294715317076363e+04,
0.0000000000000000e+00,-8.3777177830393648e+08,1.0350676957099683e+09,-2.4393143537817146e+01,0.0000000000000000e+00,0.0000000000000000e+00,0.0000000000000000e+00,-7.4681033484211348e+12,-5.3175986660070654e+12,-3.9621126856018935e+04,

8,10
0.0000000000000000e+00,1.1727649652549512e+13,1.8525354976483189e+10,3.9135113632136075e+04,0.0000000000000000e+00,0.0000000000000000e+00,0.0000000000000000e+00,3.8110920703589316e+12,9.8051967383084941e+12,0.0000000000000000e+00,
0.0000000000000000e+00,1.0678803372282561e+13,2.2891031166401257e+10,3.5625985206814126e+04,0.0000000000000000e+00,0.0000000000000000e+00,0.0000000000000000e+00,4.8196361078844424e+12,1.6855787077716217e+13,-2.7115725166982475e+01,
0.0000000000000000e+00,1.3134266344691590e+13,2.6415002135080620e+10,4.3796013390416818e+04,0.0000000000000000e+00,0.0000000000000000e+00,0.0000000000000000e+00,8.5860681894106777e+12,8.5577862331807988e+12,-3.2348830879804746e+03,
0.0000000000000000e+00,7.7003554960484790e+11,2.5508579125652317e+10,2.5702711577201626e+03,0.0000000000000000e+00,0.0000000000000000e+00,0.0000000000000000e+00,1.0218646513685186e+13,4.3232288462606504e+12,0.0000000000000000e+00,
0.0000000000000000e+00,4.2593060722290192e+09,2.1400649571517818e+10,2.4604225995997808e+01,0.0000000000000000e+00,0.0000000000000000e+00,0.0000000000000000e+00,5.1951171180959199e+12,4.0777919586464717e+12,0.0000000000000000e+00,
0.0000000000000000e+00,4.3754974100336456e+09,1.6572855126384109e+10,8.8618808478075835e+00,0.0000000000000000e+00,0.0000000000000000e+00,0.0000000000000000e+00,4.1346707331790762e+12,7.9449961985428408e+12,0.0000000000000000e+00,
0.0000000000000000e+00,7.5827442966791458e+09,1.5156502557248087e+10,1.6238540079384563e+01,0.0000000000000000e+00,0.0000000000000000e+00,0.0000000000000000e+00,2.8049018111350781e+12,3.9006734815825547e+12,0.0000000000000000e+00,
0.0000000000000000e+00,5.6802607085206738e+09,1.6296836373647329e+10,7.5077470287641432e+00,0.0000000000000000e+00,0.0000000000000000e+00,0.0000000000000000e+00,4.1374923920364058e+12,3.1274154632416416e+12,0.0000000000000000e+00,

