HyperCLaw-V1.1
10
Ex
Ey
Ez
Bx
By
Bz
jx
jy
jz
rho
1
3.544118511480335e-13
0
5.0117187499999998e-05 
0.00011811718749999987 

((0) (511) (0)) 
800 
1.3281249999999973e-07 
0
0
0 8 3.544118511480335e-13
800
5.0117187499999998e-05 5.8617187499999981e-05
5.8617187499999981e-05 6.7117187499999957e-05
6.7117187499999957e-05 7.5617187499999947e-05
7.5617187499999947e-05 8.4117187499999936e-05
8.4117187499999936e-05 9.2617187499999913e-05
9.2617187499999913e-05 0.00010111718749999989
0.00010111718749999989 0.00010961718749999988
0.00010961718749999988 0.00011811718749999987
Level_0/Cell
