HyperCLaw-V1.1
10
Ex
Ey
Ez
Bx
By
Bz
jx
jy
jz
rho
1
4.4301481393504282e-14
0
-4.2751953125000269e-05 
2.5248046874999731e-05 

((0) (2047) (0)) 
400 
3.3203125e-08 
0
0
0 32 4.4301481393504282e-14
400
-4.2751953125000269e-05 -4.0626953125000271e-05
-4.0626953125000271e-05 -3.8501953125000267e-05
-3.8501953125000267e-05 -3.6376953125000269e-05
-3.6376953125000269e-05 -3.4251953125000265e-05
-3.4251953125000265e-05 -3.2126953125000268e-05
-3.2126953125000268e-05 -3.000195312500027e-05
-3.000195312500027e-05 -2.787695312500027e-05
-2.787695312500027e-05 -2.5751953125000269e-05
-2.5751953125000269e-05 -2.3626953125000268e-05
-2.3626953125000268e-05 -2.1501953125000267e-05
-2.1501953125000267e-05 -1.937695312500027e-05
-1.937695312500027e-05 -1.7251953125000269e-05
-1.7251953125000269e-05 -1.5126953125000268e-05
-1.5126953125000268e-05 -1.3001953125000271e-05
-1.3001953125000271e-05 -1.0876953125000266e-05
-1.0876953125000266e-05 -8.7519531250002688e-06
-8.7519531250002688e-06 -6.6269531250002714e-06
-6.6269531250002714e-06 -4.5019531250002672e-06
-4.5019531250002672e-06 -2.3769531250002697e-06
-2.3769531250002697e-06 -2.5195312500026553e-07
-2.5195312500026553e-07 1.8730468749997319e-06
1.8730468749997319e-06 3.9980468749997294e-06
3.9980468749997294e-06 6.1230468749997336e-06
6.1230468749997336e-06 8.248046874999731e-06
8.248046874999731e-06 1.0373046874999728e-05
1.0373046874999728e-05 1.2498046874999733e-05
1.2498046874999733e-05 1.462304687499973e-05
1.462304687499973e-05 1.6748046874999728e-05
1.6748046874999728e-05 1.8873046874999725e-05
1.8873046874999725e-05 2.0998046874999736e-05
2.0998046874999736e-05 2.3123046874999733e-05
2.3123046874999733e-05 2.5248046874999731e-05
Level_0/Cell
