1
1
10
0
(8 0
((0) (63) (0))
((64) (127) (0))
((128) (191) (0))
((192) (255) (0))
((256) (319) (0))
((320) (383) (0))
((384) (447) (0))
((448) (511) (0))
)
8
FabOnDisk: Cell_D_00000 0
FabOnDisk: Cell_D_00000 5196
FabOnDisk: Cell_D_00000 10394
FabOnDisk: Cell_D_00000 15593
FabOnDisk: Cell_D_00000 20792
FabOnDisk: Cell_D_00000 25991
FabOnDisk: Cell_D_00000 31190
FabOnDisk: Cell_D_00000 36389

8,10
0.0000000000000000e+00,-5.6005588190366116e+09,-2.0225384626756145e+10,1.3341398804570517e+01,0.0000000000000000e+00,0.0000000000000000e+00,0.0000000000000000e+00,-6.1912504447156777e+12,-5.4761475342273662e+12,-4.0623643214273790e+04,
0.0000000000000000e+00,-4.3699536610097179e+09,-2.1353266035450951e+10,3.7133781840396551e-01,0.0000000000000000e+00,0.0000000000000000e+00,0.0000000000000000e+00,-8.6058242996397607e+12,-6.8368871147152705e+12,-5.7798767587031703e+04,
0.0000000000000000e+00,-7.2253654800104883e+11,-1.1922045284866339e+10,-2.4100806301822799e+03,0.0000000000000000e+00,0.0000000000000000e+00,0.0000000000000000e+00,-1.0009028600943279e+13,-6.0502561025740850e+12,-7.2928796430023212e+04,
0.0000000000000000e+00,-1.1727892609268078e+13,-5.0767154114262199e+09,-3.9125246701859884e+04,0.0000000000000000e+00,0.0000000000000000e+00,0.0000000000000000e+00,-1.4388552490320062e+13,-7.9657139040584229e+12,-6.9973727966332925e+04,
0.0000000000000000e+00,-1.1117462649192387e+13,-2.3623901117959528e+09,-3.7090326197146998e+04,0.0000000000000000e+00,0.0000000000000000e+00,0.0000000000000000e+00,-1.2627499201610793e+13,-1.4201324685242227e+13,-8.7064014498700446e+04,
0.0000000000000000e+00,-1.3227588302625680e+13,-5.3325568954161015e+09,-4.4112610763543562e+04,0.0000000000000000e+00,0.0000000000000000e+00,0.0000000000000000e+00,-9.3489585322974199e+12,-8.0192969106394258e+12,-8.1896761378777068e+04,
0.0000000000000000e+00,-1.7688573642144238e+12,-3.5219912517243519e+09,-5.8738293354909347e+03,0.0000000000000000e+00,0.0000000000000000e+00,0.0000000000000000e+00,-4.5338373902747910e+12,-8.4633868161485947e+12,-5.5814201895855454e+04,
0.0000000000000000e+00,-2.3686281965718827e+09,6.9457600722703779e+08,-1.3324193593103297e+01,0.0000000000000000e+00,0.0000000000000000e+00,0.0000000000000000e+00,-4.0990624948844609e+12,-3.8935031471356831e+12,-3.1228238736216874e+04,

8,10
0.0000000000000000e+00,3.2672699735534387e+09,1.2830602979503239e+10,4.4400958686124923e+01,0.0000000000000000e+00,0.0000000000000000e+00,0.0000000000000000e+00,2.5289151792197295e+12,5.5276550659490879e+12,0.0000000000000000e+00,
0.0000000000000000e+00,7.4920545312372589e+08,1.1817057641438923e+10,3.1722001476190577e+01,0.0000000000000000e+00,0.0000000000000000e+00,0.0000000000000000e+00,3.1674823541378892e+12,8.2486550581525928e+12,0.0000000000000000e+00,
0.0000000000000000e+00,5.1795730293570160e+11,1.2412947024803663e+10,1.7172339095919783e+03,0.0000000000000000e+00,0.0000000000000000e+00,0.0000000000000000e+00,4.2017574594339707e+12,5.7367004135569326e+12,-2.1284067205790835e+00,
0.0000000000000000e+00,1.1740528978538312e+13,1.2427949914404404e+10,3.9157656089115204e+04,0.0000000000000000e+00,0.0000000000000000e+00,0.0000000000000000e+00,1.1577643493251316e+13,8.1994144015806973e+12,0.0000000000000000e+00,
0.0000000000000000e+00,1.0549547823674801e+13,1.6344946805584942e+10,3.5180773436459436e+04,0.0000000000000000e+00,0.0000000000000000e+00,0.0000000000000000e+00,6.3095755121550850e+12,8.4072196432225508e+12,-1.1582025132498133e+01,
0.0000000000000000e+00,1.3129384149063551e+13,1.6009641979889748e+10,4.3814159271680721e+04,0.0000000000000000e+00,0.0000000000000000e+00,0.0000000000000000e+00,1.2242537653260223e+13,9.3794771298477637e+12,0.0000000000000000e+00,
0.0000000000000000e+00,1.3554001995039614e+12,1.1833472153667343e+10,4.5550417323761321e+03,0.0000000000000000e+00,0.0000000000000000e+00,0.0000000000000000e+00,4.4445706934031660e+12,6.8110472332809453e+12,0.0000000000000000e+00,
0.0000000000000000e+00,5.2714392361901064e+09,1.0743562588069733e+10,1.1427385038308394e+01,0.0000000000000000e+00,0.0000000000000000e+00,0.0000000000000000e+00,5.5551484161292139e+12,4.5391735392015098e+12,0.0000000000000000e+00,

