1
1
10
0
(8 0
((0) (63) (0))
((64) (127) (0))
((128) (191) (0))
((192) (255) (0))
((256) (319) (0))
((320) (383) (0))
((384) (447) (0))
((448) (511) (0))
)
8
FabOnDisk: Cell_D_00000 0
FabOnDisk: Cell_D_00000 5196
FabOnDisk: Cell_D_00000 10394
FabOnDisk: Cell_D_00000 15593
FabOnDisk: Cell_D_00000 20792
FabOnDisk: Cell_D_00000 25991
FabOnDisk: Cell_D_00000 31190
FabOnDisk: Cell_D_00000 36389

8,10
0.0000000000000000e+00,-1.6075050588124580e+09,-1.4647698007318813e+10,-1.0575638068549480e+01,0.0000000000000000e+00,0.0000000000000000e+00,0.0000000000000000e+00,-4.6584141974759785e+12,-3.8769242049812944e+12,-3.2246984818687943e+04,
0.0000000000000000e+00,-3.6284702482472278e+11,-2.0354548115343018e+10,-1.2277822743678921e+03,0.0000000000000000e+00,0.0000000000000000e+00,0.0000000000000000e+00,-4.0469223381301377e+12,-5.0147919440926338e+12,-4.3566419708157402e+04,
0.0000000000000000e+00,-1.2115814491931797e+13,-1.8244090262081898e+10,-4.0416313627012496e+04,0.0000000000000000e+00,0.0000000000000000e+00,0.0000000000000000e+00,-8.6744963762439824e+12,-6.0187176471566377e+12,-4.6279464365847467e+04,
0.0000000000000000e+00,-9.5414911091032168e+12,-1.1014349878271090e+10,-3.1850529195697491e+04,0.0000000000000000e+00,0.0000000000000000e+00,0.0000000000000000e+00,-1.1393596885514414e+13,-1.2959880527715152e+13,-1.2357741398455210e+05,
0.0000000000000000e+00,-3.5291930080875244e+10,-1.4181757666364855e+10,-1.3267712487266689e+02,0.0000000000000000e+00,0.0000000000000000e+00,0.0000000000000000e+00,-9.4148875459581328e+12,-6.8857687276469385e+12,-4.9466979929361914e+04,
0.0000000000000000e+00,-1.1470726314081574e+13,-5.9150542666161461e+09,-3.8251321323434306e+04,0.0000000000000000e+00,0.0000000000000000e+00,0.0000000000000000e+00,-5.2736980647675127e+12,-6.5472305985547988e+12,-4.4057067830271837e+04,
0.0000000000000000e+00,-1.2392702203223395e+13,1.4430814206714100e+08,-4.1310109750605654e+04,0.0000000000000000e+00,0.0000000000000000e+00,0.0000000000000000e+00,-1.0626008362622195e+13,-7.4709118453333076e+12,-7.4229093141464546e+04,
0.0000000000000000e+00,-2.7436715257448383e+11,7.4868386447231400e+08,-8.8539105653748175e+02,0.0000000000000000e+00,0.0000000000000000e+00,0.0000000000000000e+00,-6.8930973707197441e+12,-4.6218809511888340e+12,-4.2486412969767829e+04,

8,10
0.0000000000000000e+00,5.6632161950886097e+09,8.3292431010671692e+09,5.9832936271110153e+00,0.0000000000000000e+00,0.0000000000000000e+00,0.0000000000000000e+00,4.6989375516753857e+12,4.6754197787789668e+12,0.0000000000000000e+00,
0.0000000000000000e+00,2.6796844927263837e+11,1.2918780453323606e+10,8.9589933616880739e+02,0.0000000000000000e+00,0.0000000000000000e+00,0.0000000000000000e+00,3.2320294488142549e+12,5.7252519340275732e+12,0.0000000000000000e+00,
0.0000000000000000e+00,1.2755936446449641e+13,1.2694668462820190e+10,4.2542090534872499e+04,0.0000000000000000e+00,0.0000000000000000e+00,0.0000000000000000e+00,8.8134981426646289e+12,5.3304225603198770e+12,0.0000000000000000e+00,
0.0000000000000000e+00,1.1170377927877727e+13,2.0406152293414803e+10,3.7259314419864342e+04,0.0000000000000000e+00,0.0000000000000000e+00,0.0000000000000000e+00,6.0371606086791035e+12,1.8544191211589859e+13,0.0000000000000000e+00,
0.0000000000000000e+00,2.5765236626643185e+10,1.7303782642337505e+10,7.0914655862248239e+01,0.0000000000000000e+00,0.0000000000000000e+00,0.0000000000000000e+00,5.2585921219708574e+12,7.6293181163584521e+12,0.0000000000000000e+00,
0.0000000000000000e+00,1.0670388142181553e+13,1.3345165910981524e+10,3.5618659969253647e+04,0.0000000000000000e+00,0.0000000000000000e+00,0.0000000000000000e+00,5.2384761796219990e+12,8.5264785995321152e+12,0.0000000000000000e+00,
0.0000000000000000e+00,1.2629702017068391e+13,1.3587332711828260e+10,4.2154304939509515e+04,0.0000000000000000e+00,0.0000000000000000e+00,0.0000000000000000e+00,1.1466530576840949e+13,1.1693258090174350e+13,0.0000000000000000e+00,
0.0000000000000000e+00,1.7111589531553995e+11,1.7936300743986488e+10,5.8312951078385208e+02,0.0000000000000000e+00,0.0000000000000000e+00,0.0000000000000000e+00,4.2709315732774365e+12,3.5880624571330435e+12,0.0000000000000000e+00,

