1
1
10
0
(16 0
((0) (63) (0))
((64) (127) (0))
((128) (191) (0))
((192) (255) (0))
((256) (319) (0))
((320) (383) (0))
((384) (447) (0))
((448) (511) (0))
((512) (575) (0))
((576) (639) (0))
((640) (703) (0))
((704) (767) (0))
((768) (831) (0))
((832) (895) (0))
((896) (959) (0))
((960) (1023) (0))
)
16
FabOnDisk: Cell_D_00000 0
FabOnDisk: Cell_D_00000 5196
FabOnDisk: Cell_D_00000 10394
FabOnDisk: Cell_D_00000 15593
FabOnDisk: Cell_D_00000 20792
FabOnDisk: Cell_D_00000 25991
FabOnDisk: Cell_D_00000 31190
FabOnDisk: Cell_D_00000 36389
FabOnDisk: Cell_D_00000 41588
FabOnDisk: Cell_D_00000 46787
FabOnDisk: Cell_D_00000 51986
FabOnDisk: Cell_D_00000 57185
FabOnDisk: Cell_D_00000 62384
FabOnDisk: Cell_D_00000 67583
FabOnDisk: Cell_D_00000 72782
FabOnDisk: Cell_D_00000 77981

16,10
0.0000000000000000e+00,0.0000000000000000e+00,0.0000000000000000e+00,0.0000000000000000e+00,0.0000000000000000e+00,0.0000000000000000e+00,0.0000000000000000e+00,0.0000000000000000e+00,0.0000000000000000e+00,0.0000000000000000e+00,
0.0000000000000000e+00,0.0000000000000000e+00,0.0000000000000000e+00,0.0000000000000000e+00,0.0000000000000000e+00,0.0000000000000000e+00,0.0000000000000000e+00,0.0000000000000000e+00,0.0000000000000000e+00,0.0000000000000000e+00,
0.0000000000000000e+00,-3.3372766543357642e+11,0.0000000000000000e+00,-1.1131956676294253e+03,0.0000000000000000e+00,0.0000000000000000e+00,0.0000000000000000e+00,0.0000000000000000e+00,0.0000000000000000e+00,0.0000000000000000e+00,
0.0000000000000000e+00,-6.9262567783442803e+12,0.0000000000000000e+00,-2.3103505753784772e+04,0.0000000000000000e+00,0.0000000000000000e+00,0.0000000000000000e+00,0.0000000000000000e+00,0.0000000000000000e+00,0.0000000000000000e+00,
0.0000000000000000e+00,-1.5148639746078012e+13,0.0000000000000000e+00,-5.0530423103832749e+04,0.0000000000000000e+00,0.0000000000000000e+00,0.0000000000000000e+00,0.0000000000000000e+00,0.0000000000000000e+00,0.0000000000000000e+00,
0.0000000000000000e+00,-1.4644678658117344e+13,0.0000000000000000e+00,-4.8849389860625990e+04,0.0000000000000000e+00,0.0000000000000000e+00,0.0000000000000000e+00,0.0000000000000000e+00,0.0000000000000000e+00,0.0000000000000000e+00,
0.0000000000000000e+00,-4.7719305578444238e+12,0.0000000000000000e+00,-1.5917446988757860e+04,0.0000000000000000e+00,0.0000000000000000e+00,0.0000000000000000e+00,0.0000000000000000e+00,0.0000000000000000e+00,0.0000000000000000e+00,
0.0000000000000000e+00,-3.2491634190135254e+11,0.0000000000000000e+00,-1.0838042560141512e+03,0.0000000000000000e+00,0.0000000000000000e+00,0.0000000000000000e+00,0.0000000000000000e+00,0.0000000000000000e+00,0.0000000000000000e+00,
0.0000000000000000e+00,1.6956776557617188e+06,0.0000000000000000e+00,5.6561718793091131e-03,0.0000000000000000e+00,0.0000000000000000e+00,0.0000000000000000e+00,0.0000000000000000e+00,0.0000000000000000e+00,0.0000000000000000e+00,
0.0000000000000000e+00,2.3476800939941406e+07,0.0000000000000000e+00,2.9807521573147824e+00,0.0000000000000000e+00,0.0000000000000000e+00,0.0000000000000000e+00,0.0000000000000000e+00,0.0000000000000000e+00,0.0000000000000000e+00,
0.0000000000000000e+00,-1.5978614978408887e+11,1.3550506688237619e+09,-3.6279682708162545e+02,0.0000000000000000e+00,0.0000000000000000e+00,0.0000000000000000e+00,-1.3727584147120999e+12,-3.0077663270417676e+12,-1.5353938065408576e+04,
0.0000000000000000e+00,-3.2340021563062524e+12,1.9188046379407008e+09,-1.3342689772956473e+04,0.0000000000000000e+00,0.0000000000000000e+00,0.0000000000000000e+00,-9.7166207991450742e+12,-3.3965741812969233e+12,-7.6089158890430263e+04,
0.0000000000000000e+00,-1.3270563663809307e+13,1.4805244128643169e+09,-4.6712814521963432e+04,0.0000000000000000e+00,0.0000000000000000e+00,0.0000000000000000e+00,-2.5845430967695074e+13,-1.1640709702746055e+13,-1.2912239029999741e+05,
0.0000000000000000e+00,-1.4959826307282285e+13,1.6855898873258978e+08,-4.9624556338106515e+04,0.0000000000000000e+00,0.0000000000000000e+00,0.0000000000000000e+00,-3.3592355469570105e+13,-2.5459537716256199e+13,-1.6658215944162675e+05,
0.0000000000000000e+00,-6.7416350528423564e+12,-3.1055998713277131e+07,-2.6102755482480468e+04,0.0000000000000000e+00,0.0000000000000000e+00,0.0000000000000000e+00,-1.5230813678053047e+13,-6.0891054489621123e+12,-7.2494112056204380e+04,
0.0000000000000000e+00,-6.3627723012460547e+11,-1.6227646399954476e+06,-1.5543344329495208e+03,0.0000000000000000e+00,0.0000000000000000e+00,0.0000000000000000e+00,-2.2077827124853892e+12,-1.6266181504879852e+11,-3.2922790827758181e+04,

16,10
0.0000000000000000e+00,0.0000000000000000e+00,0.0000000000000000e+00,0.0000000000000000e+00,0.0000000000000000e+00,0.0000000000000000e+00,0.0000000000000000e+00,0.0000000000000000e+00,0.0000000000000000e+00,0.0000000000000000e+00,
0.0000000000000000e+00,0.0000000000000000e+00,0.0000000000000000e+00,0.0000000000000000e+00,0.0000000000000000e+00,0.0000000000000000e+00,0.0000000000000000e+00,0.0000000000000000e+00,0.0000000000000000e+00,0.0000000000000000e+00,
0.0000000000000000e+00,4.6885772051658704e+11,0.0000000000000000e+00,1.5639410132078340e+03,0.0000000000000000e+00,0.0000000000000000e+00,0.0000000000000000e+00,0.0000000000000000e+00,0.0000000000000000e+00,0.0000000000000000e+00,
0.0000000000000000e+00,5.8701709726324844e+12,0.0000000000000000e+00,1.9580782691446111e+04,0.0000000000000000e+00,0.0000000000000000e+00,0.0000000000000000e+00,0.0000000000000000e+00,0.0000000000000000e+00,0.0000000000000000e+00,
0.0000000000000000e+00,1.5045587718229059e+13,0.0000000000000000e+00,5.0186678539555054e+04,0.0000000000000000e+00,0.0000000000000000e+00,0.0000000000000000e+00,0.0000000000000000e+00,0.0000000000000000e+00,0.0000000000000000e+00,
0.0000000000000000e+00,1.5014251133128648e+13,0.0000000000000000e+00,5.0082150942998880e+04,0.0000000000000000e+00,0.0000000000000000e+00,0.0000000000000000e+00,0.0000000000000000e+00,0.0000000000000000e+00,0.0000000000000000e+00,
0.0000000000000000e+00,3.8610282919872861e+12,0.0000000000000000e+00,1.2879004087512076e+04,0.0000000000000000e+00,0.0000000000000000e+00,0.0000000000000000e+00,0.0000000000000000e+00,0.0000000000000000e+00,0.0000000000000000e+00,
0.0000000000000000e+00,2.2315398069044873e+11,0.0000000000000000e+00,7.4436155658878124e+02,0.0000000000000000e+00,0.0000000000000000e+00,0.0000000000000000e+00,0.0000000000000000e+00,0.0000000000000000e+00,0.0000000000000000e+00,
0.0000000000000000e+00,4.0009083151875000e+09,0.0000000000000000e+00,1.3345593621295848e+01,0.0000000000000000e+00,0.0000000000000000e+00,0.0000000000000000e+00,0.0000000000000000e+00,0.0000000000000000e+00,0.0000000000000000e+00,
0.0000000000000000e+00,3.0648142036416016e+09,1.3661532679279153e+09,9.9636428939011239e+00,0.0000000000000000e+00,0.0000000000000000e+00,0.0000000000000000e+00,1.0999896680799301e+11,0.0000000000000000e+00,0.0000000000000000e+00,
0.0000000000000000e+00,1.1046612260740332e+11,2.0770954426425209e+09,5.4380056423856331e+02,0.0000000000000000e+00,0.0000000000000000e+00,0.0000000000000000e+00,9.2536319432974878e+11,3.3211715332222202e+12,0.0000000000000000e+00,
0.0000000000000000e+00,4.0037375529979053e+12,2.8340726675031509e+09,1.0795441828210394e+04,0.0000000000000000e+00,0.0000000000000000e+00,0.0000000000000000e+00,5.5562542329087373e+12,5.1984955350956211e+12,0.0000000000000000e+00,
0.0000000000000000e+00,1.4006695637482039e+13,2.7353312991012249e+09,4.4274592600429780e+04,0.0000000000000000e+00,0.0000000000000000e+00,0.0000000000000000e+00,3.0977950382316656e+13,1.2701902772717961e+13,-4.7987479973588925e+03,
0.0000000000000000e+00,1.4881392640828867e+13,2.0461454739817004e+09,4.9908843217407222e+04,0.0000000000000000e+00,0.0000000000000000e+00,0.0000000000000000e+00,2.5179112513380805e+13,1.9366704783988406e+13,-2.9452106362676743e+04,
0.0000000000000000e+00,7.8265195566248496e+12,3.1070018290401524e+08,2.2488623745852343e+04,0.0000000000000000e+00,0.0000000000000000e+00,0.0000000000000000e+00,1.2164218362595887e+13,4.5452703292016826e+12,-3.2116876352495547e+04,
0.0000000000000000e+00,4.6608155789419385e+11,2.0367088997949129e+06,2.1226898258581036e+03,0.0000000000000000e+00,0.0000000000000000e+00,0.0000000000000000e+00,5.3627284594933649e+11,5.6551115198599136e+10,-8.3446699687510500e+03,

