1
1
10
0
(8 0
((0) (63) (0))
((64) (127) (0))
((128) (191) (0))
((192) (255) (0))
((256) (319) (0))
((320) (383) (0))
((384) (447) (0))
((448) (511) (0))
)
8
FabOnDisk: Cell_D_00000 0
FabOnDisk: Cell_D_00000 5196
FabOnDisk: Cell_D_00000 10394
FabOnDisk: Cell_D_00000 15593
FabOnDisk: Cell_D_00000 20792
FabOnDisk: Cell_D_00000 25991
FabOnDisk: Cell_D_00000 31190
FabOnDisk: Cell_D_00000 36389

8,10
0.0000000000000000e+00,-6.4425193227094180e+12,-2.2934594496310675e+08,-2.2639505362911728e+04,0.0000000000000000e+00,0.0000000000000000e+00,0.0000000000000000e+00,-3.4312976574501428e+11,-3.8035055320413223e+12,-1.5345747773733667e+04,
0.0000000000000000e+00,-1.3512681084812129e+13,-5.8615140441585690e+07,-4.4270483423076337e+04,0.0000000000000000e+00,0.0000000000000000e+00,0.0000000000000000e+00,-1.4522704278840094e+13,-8.7632127892385986e+12,-9.7832036939023063e+04,
0.0000000000000000e+00,-1.2926185294667867e+13,-1.6615374771345228e+08,-4.2769920473214610e+04,0.0000000000000000e+00,0.0000000000000000e+00,0.0000000000000000e+00,-1.5264218528606891e+13,-1.1809283805272391e+13,-8.2892700066927529e+04,
0.0000000000000000e+00,-7.8419738785714932e+12,-1.0508384631761050e+08,-2.3571218053072465e+04,0.0000000000000000e+00,0.0000000000000000e+00,0.0000000000000000e+00,-9.8470414440777715e+12,-3.6898764333525161e+12,-4.8445751602844597e+04,
0.0000000000000000e+00,-2.0663934915261470e-37,0.0000000000000000e+00,-3.5300767125724963e-49,0.0000000000000000e+00,0.0000000000000000e+00,0.0000000000000000e+00,-4.8653507085999963e-39,0.0000000000000000e+00,-3.2043532680000440e+04,
0.0000000000000000e+00,-4.9798731287483086e-243,0.0000000000000000e+00,-6.5290187346767765e-255,0.0000000000000000e+00,0.0000000000000000e+00,0.0000000000000000e+00,-9.7765072702012400e-245,0.0000000000000000e+00,-3.2043532680000604e+04,
0.0000000000000000e+00,0.0000000000000000e+00,0.0000000000000000e+00,0.0000000000000000e+00,0.0000000000000000e+00,0.0000000000000000e+00,0.0000000000000000e+00,0.0000000000000000e+00,0.0000000000000000e+00,-3.2043532680000593e+04,
0.0000000000000000e+00,0.0000000000000000e+00,0.0000000000000000e+00,0.0000000000000000e+00,0.0000000000000000e+00,0.0000000000000000e+00,0.0000000000000000e+00,0.0000000000000000e+00,0.0000000000000000e+00,-3.2043532680000470e+04,

8,10
0.0000000000000000e+00,6.7874811000006543e+12,1.3286134994514797e+09,2.1500159027701146e+04,0.0000000000000000e+00,0.0000000000000000e+00,0.0000000000000000e+00,2.2276330567965566e+12,4.2565981735659717e+12,0.0000000000000000e+00,
0.0000000000000000e+00,1.3273370542657807e+13,6.5729098756090832e+09,4.5076023050588396e+04,0.0000000000000000e+00,0.0000000000000000e+00,0.0000000000000000e+00,1.3857447328473629e+13,1.3285713413844361e+13,0.0000000000000000e+00,
0.0000000000000000e+00,1.2822534492412279e+13,7.7649170954352837e+09,4.3117032629809626e+04,0.0000000000000000e+00,0.0000000000000000e+00,0.0000000000000000e+00,1.6354563144521391e+13,1.3335243484762900e+13,-7.9901002295815497e+03,
0.0000000000000000e+00,7.0673503908655059e+12,1.5444457955917902e+09,2.6158821494528096e+04,0.0000000000000000e+00,0.0000000000000000e+00,0.0000000000000000e+00,9.0439201653152383e+12,3.5725714518439731e+12,-3.2043532679999644e+04,
0.0000000000000000e+00,1.0584819840344919e-40,0.0000000000000000e+00,6.8927616375168587e-46,0.0000000000000000e+00,0.0000000000000000e+00,0.0000000000000000e+00,1.7333011461839918e-34,0.0000000000000000e+00,-3.2043532679999134e+04,
0.0000000000000000e+00,1.9577361167383440e-246,0.0000000000000000e+00,1.6611098651082198e-251,0.0000000000000000e+00,0.0000000000000000e+00,0.0000000000000000e+00,2.0880484868952067e-239,0.0000000000000000e+00,-3.2043532679999240e+04,
0.0000000000000000e+00,0.0000000000000000e+00,0.0000000000000000e+00,0.0000000000000000e+00,0.0000000000000000e+00,0.0000000000000000e+00,0.0000000000000000e+00,0.0000000000000000e+00,0.0000000000000000e+00,-3.2043532679998971e+04,
0.0000000000000000e+00,0.0000000000000000e+00,0.0000000000000000e+00,0.0000000000000000e+00,0.0000000000000000e+00,0.0000000000000000e+00,0.0000000000000000e+00,0.0000000000000000e+00,0.0000000000000000e+00,-2.3698862711249334e+04,

