HyperCLaw-V1.1
10
Ex
Ey
Ez
Bx
By
Bz
jx
jy
jz
rho
1
6.6452222090256329e-14
0
-3.6111328125000404e-05 
3.1888671874999596e-05 

((0) (2047) (0)) 
600 
3.3203125e-08 
0
0
0 32 6.6452222090256329e-14
600
-3.6111328125000404e-05 -3.3986328125000406e-05
-3.3986328125000406e-05 -3.1861328125000402e-05
-3.1861328125000402e-05 -2.9736328125000405e-05
-2.9736328125000405e-05 -2.7611328125000404e-05
-2.7611328125000404e-05 -2.5486328125000403e-05
-2.5486328125000403e-05 -2.3361328125000405e-05
-2.3361328125000405e-05 -2.1236328125000405e-05
-2.1236328125000405e-05 -1.9111328125000404e-05
-1.9111328125000404e-05 -1.6986328125000403e-05
-1.6986328125000403e-05 -1.4861328125000402e-05
-1.4861328125000402e-05 -1.2736328125000405e-05
-1.2736328125000405e-05 -1.0611328125000404e-05
-1.0611328125000404e-05 -8.486328125000403e-06
-8.486328125000403e-06 -6.3613281250004056e-06
-6.3613281250004056e-06 -4.2363281250004013e-06
-4.2363281250004013e-06 -2.1113281250004039e-06
-2.1113281250004039e-06 1.3671874999593545e-08
1.3671874999593545e-08 2.1386718749995978e-06
2.1386718749995978e-06 4.2636718749995952e-06
4.2636718749995952e-06 6.3886718749995994e-06
6.3886718749995994e-06 8.5136718749995969e-06
8.5136718749995969e-06 1.0638671874999594e-05
1.0638671874999594e-05 1.2763671874999599e-05
1.2763671874999599e-05 1.4888671874999596e-05
1.4888671874999596e-05 1.7013671874999593e-05
1.7013671874999593e-05 1.9138671874999598e-05
1.9138671874999598e-05 2.1263671874999595e-05
2.1263671874999595e-05 2.3388671874999593e-05
2.3388671874999593e-05 2.551367187499959e-05
2.551367187499959e-05 2.7638671874999601e-05
2.7638671874999601e-05 2.9763671874999598e-05
2.9763671874999598e-05 3.1888671874999596e-05
Level_0/Cell
