HyperCLaw-V1.1
10
Ex
Ey
Ez
Bx
By
Bz
jx
jy
jz
rho
1
1.615701086116037e-13
0
-6.3683593750000345e-05 
6.0316406249999701e-05 

((0) (1023) (0)) 
400 
1.2109375000000003e-07 
0
0
0 16 1.615701086116037e-13
400
-6.3683593750000345e-05 -5.5933593750000346e-05
-5.5933593750000346e-05 -4.8183593750000341e-05
-4.8183593750000341e-05 -4.0433593750000335e-05
-4.0433593750000335e-05 -3.2683593750000337e-05
-3.2683593750000337e-05 -2.4933593750000338e-05
-2.4933593750000338e-05 -1.7183593750000333e-05
-1.7183593750000333e-05 -9.4335937500003271e-06
-9.4335937500003271e-06 -1.6835937500003285e-06
-1.6835937500003285e-06 6.0664062499996702e-06
6.0664062499996702e-06 1.3816406249999669e-05
1.3816406249999669e-05 2.1566406249999681e-05
2.1566406249999681e-05 2.931640624999968e-05
2.931640624999968e-05 3.7066406249999678e-05
3.7066406249999678e-05 4.481640624999969e-05
4.481640624999969e-05 5.2566406249999689e-05
5.2566406249999689e-05 6.0316406249999688e-05
Level_0/Cell
