Checkpoint version: 1
1
400 
1 
1.615701086116037e-13 
-1.7976931348623157e+308 
4.0392527152901226e-16 
-6.3562500000000346e-05
0
-6.3683593750000345e-05 
6.0316406249999701e-05 
(16 0
((0) (63) (0))
((64) (127) (0))
((128) (191) (0))
((192) (255) (0))
((256) (319) (0))
((320) (383) (0))
((384) (447) (0))
((448) (511) (0))
((512) (575) (0))
((576) (639) (0))
((640) (703) (0))
((704) (767) (0))
((768) (831) (0))
((832) (895) (0))
((896) (959) (0))
((960) (1023) (0))
)
-1.6021766339999999e-19 9.1093837015000008e-31
6.0195312499999702e-05
1
1.611661833400747e-13
