1
1
10
0
(32 0
((0) (63) (0))
((64) (127) (0))
((128) (191) (0))
((192) (255) (0))
((256) (319) (0))
((320) (383) (0))
((384) (447) (0))
((448) (511) (0))
((512) (575) (0))
((576) (639) (0))
((640) (703) (0))
((704) (767) (0))
((768) (831) (0))
((832) (895) (0))
((896) (959) (0))
((960) (1023) (0))
((1024) (1087) (0))
((1088) (1151) (0))
((1152) (1215) (0))
((1216) (1279) (0))
((1280) (1343) (0))
((1344) (1407) (0))
((1408) (1471) (0))
((1472) (1535) (0))
((1536) (1599) (0))
((1600) (1663) (0))
((1664) (1727) (0))
((1728) (1791) (0))
((1792) (1855) (0))
((1856) (1919) (0))
((1920) (1983) (0))
((1984) (2047) (0))
)
32
FabOnDisk: Cell_D_00000 0
FabOnDisk: Cell_D_00000 5196
FabOnDisk: Cell_D_00000 10394
FabOnDisk: Cell_D_00000 15593
FabOnDisk: Cell_D_00000 20792
FabOnDisk: Cell_D_00000 25991
FabOnDisk: Cell_D_00000 31190
FabOnDisk: Cell_D_00000 36389
FabOnDisk: Cell_D_00000 41588
FabOnDisk: Cell_D_00000 46787
FabOnDisk: Cell_D_00000 51986
FabOnDisk: Cell_D_00000 57185
FabOnDisk: Cell_D_00000 62384
FabOnDisk: Cell_D_00000 67583
FabOnDisk: Cell_D_00000 72782
FabOnDisk: Cell_D_00000 77981
FabOnDisk: Cell_D_00000 83181
FabOnDisk: Cell_D_00000 88382
FabOnDisk: Cell_D_00000 93583
FabOnDisk: Cell_D_00000 98784
FabOnDisk: Cell_D_00000 103985
FabOnDisk: Cell_D_00000 109186
FabOnDisk: Cell_D_00000 114387
FabOnDisk: Cell_D_00000 119588
FabOnDisk: Cell_D_00000 124789
FabOnDisk: Cell_D_00000 129990
FabOnDisk: Cell_D_00000 135191
FabOnDisk: Cell_D_00000 140392
FabOnDisk: Cell_D_00000 145593
FabOnDisk: Cell_D_00000 150794
FabOnDisk: Cell_D_00000 155995
FabOnDisk: Cell_D_00000 161196

32,10
0.0000000000000000e+00,0.0000000000000000e+00,0.0000000000000000e+00,0.0000000000000000e+00,0.0000000000000000e+00,0.0000000000000000e+00,0.0000000000000000e+00,0.0000000000000000e+00,0.0000000000000000e+00,0.0000000000000000e+00,
0.0000000000000000e+00,0.0000000000000000e+00,0.0000000000000000e+00,0.0000000000000000e+00,0.0000000000000000e+00,0.0000000000000000e+00,0.0000000000000000e+00,0.0000000000000000e+00,0.0000000000000000e+00,0.0000000000000000e+00,
0.0000000000000000e+00,0.0000000000000000e+00,0.0000000000000000e+00,0.0000000000000000e+00,0.0000000000000000e+00,0.0000000000000000e+00,0.0000000000000000e+00,0.0000000000000000e+00,0.0000000000000000e+00,0.0000000000000000e+00,
0.0000000000000000e+00,0.0000000000000000e+00,0.0000000000000000e+00,0.0000000000000000e+00,0.0000000000000000e+00,0.0000000000000000e+00,0.0000000000000000e+00,0.0000000000000000e+00,0.0000000000000000e+00,0.0000000000000000e+00,
0.0000000000000000e+00,0.0000000000000000e+00,0.0000000000000000e+00,0.0000000000000000e+00,0.0000000000000000e+00,0.0000000000000000e+00,0.0000000000000000e+00,0.0000000000000000e+00,0.0000000000000000e+00,0.0000000000000000e+00,
0.0000000000000000e+00,0.0000000000000000e+00,0.0000000000000000e+00,0.0000000000000000e+00,0.0000000000000000e+00,0.0000000000000000e+00,0.0000000000000000e+00,0.0000000000000000e+00,0.0000000000000000e+00,0.0000000000000000e+00,
0.0000000000000000e+00,0.0000000000000000e+00,0.0000000000000000e+00,0.0000000000000000e+00,0.0000000000000000e+00,0.0000000000000000e+00,0.0000000000000000e+00,0.0000000000000000e+00,0.0000000000000000e+00,0.0000000000000000e+00,
0.0000000000000000e+00,0.0000000000000000e+00,0.0000000000000000e+00,0.0000000000000000e+00,0.0000000000000000e+00,0.0000000000000000e+00,0.0000000000000000e+00,0.0000000000000000e+00,0.0000000000000000e+00,0.0000000000000000e+00,
0.0000000000000000e+00,0.0000000000000000e+00,0.0000000000000000e+00,0.0000000000000000e+00,0.0000000000000000e+00,0.0000000000000000e+00,0.0000000000000000e+00,0.0000000000000000e+00,0.0000000000000000e+00,0.0000000000000000e+00,
0.0000000000000000e+00,0.0000000000000000e+00,0.0000000000000000e+00,0.0000000000000000e+00,0.0000000000000000e+00,0.0000000000000000e+00,0.0000000000000000e+00,0.0000000000000000e+00,0.0000000000000000e+00,0.0000000000000000e+00,
0.0000000000000000e+00,0.0000000000000000e+00,0.0000000000000000e+00,0.0000000000000000e+00,0.0000000000000000e+00,0.0000000000000000e+00,0.0000000000000000e+00,0.0000000000000000e+00,0.0000000000000000e+00,0.0000000000000000e+00,
0.0000000000000000e+00,0.0000000000000000e+00,0.0000000000000000e+00,0.0000000000000000e+00,0.0000000000000000e+00,0.0000000000000000e+00,0.0000000000000000e+00,0.0000000000000000e+00,0.0000000000000000e+00,0.0000000000000000e+00,
0.0000000000000000e+00,0.0000000000000000e+00,0.0000000000000000e+00,0.0000000000000000e+00,0.0000000000000000e+00,0.0000000000000000e+00,0.0000000000000000e+00,0.0000000000000000e+00,0.0000000000000000e+00,0.0000000000000000e+00,
0.0000000000000000e+00,0.0000000000000000e+00,0.0000000000000000e+00,0.0000000000000000e+00,0.0000000000000000e+00,0.0000000000000000e+00,0.0000000000000000e+00,0.0000000000000000e+00,0.0000000000000000e+00,0.0000000000000000e+00,
0.0000000000000000e+00,0.0000000000000000e+00,0.0000000000000000e+00,0.0000000000000000e+00,0.0000000000000000e+00,0.0000000000000000e+00,0.0000000000000000e+00,0.0000000000000000e+00,0.0000000000000000e+00,0.0000000000000000e+00,
0.0000000000000000e+00,0.0000000000000000e+00,0.0000000000000000e+00,0.0000000000000000e+00,0.0000000000000000e+00,0.0000000000000000e+00,0.0000000000000000e+00,0.0000000000000000e+00,0.0000000000000000e+00,0.0000000000000000e+00,
0.0000000000000000e+00,0.0000000000000000e+00,0.0000000000000000e+00,0.0000000000000000e+00,0.0000000000000000e+00,0.0000000000000000e+00,0.0000000000000000e+00,0.0000000000000000e+00,0.0000000000000000e+00,0.0000000000000000e+00,
0.0000000000000000e+00,0.0000000000000000e+00,0.0000000000000000e+00,0.0000000000000000e+00,0.0000000000000000e+00,0.0000000000000000e+00,0.0000000000000000e+00,0.0000000000000000e+00,0.0000000000000000e+00,0.0000000000000000e+00,
0.0000000000000000e+00,-1.2234599374283694e+12,0.0000000000000000e+00,-4.0810230703948173e+03,0.0000000000000000e+00,0.0000000000000000e+00,0.0000000000000000e+00,0.0000000000000000e+00,0.0000000000000000e+00,0.0000000000000000e+00,
0.0000000000000000e+00,-3.3612498284796509e+12,0.0000000000000000e+00,-1.1211922577717585e+04,0.0000000000000000e+00,0.0000000000000000e+00,0.0000000000000000e+00,0.0000000000000000e+00,0.0000000000000000e+00,0.0000000000000000e+00,
0.0000000000000000e+00,-9.5134187385453555e+12,0.0000000000000000e+00,-3.1733349137640264e+04,0.0000000000000000e+00,0.0000000000000000e+00,0.0000000000000000e+00,0.0000000000000000e+00,0.0000000000000000e+00,0.0000000000000000e+00,
0.0000000000000000e+00,-1.5215824789811107e+13,0.0000000000000000e+00,-5.0754528287069537e+04,0.0000000000000000e+00,0.0000000000000000e+00,0.0000000000000000e+00,0.0000000000000000e+00,0.0000000000000000e+00,0.0000000000000000e+00,
0.0000000000000000e+00,-1.5694234824883969e+13,0.0000000000000000e+00,-5.2350332391897471e+04,0.0000000000000000e+00,0.0000000000000000e+00,0.0000000000000000e+00,0.0000000000000000e+00,0.0000000000000000e+00,0.0000000000000000e+00,
0.0000000000000000e+00,-1.3876364140874219e+13,0.0000000000000000e+00,-4.6286568492907878e+04,0.0000000000000000e+00,0.0000000000000000e+00,0.0000000000000000e+00,0.0000000000000000e+00,0.0000000000000000e+00,0.0000000000000000e+00,
0.0000000000000000e+00,-9.4752576925149844e+12,0.0000000000000000e+00,-2.7608827358232287e+04,0.0000000000000000e+00,0.0000000000000000e+00,0.0000000000000000e+00,-2.0475968970405830e+17,0.0000000000000000e+00,0.0000000000000000e+00,
0.0000000000000000e+00,-1.4947260991495137e+13,2.6659370306210715e+08,-4.8983808278480778e+04,0.0000000000000000e+00,0.0000000000000000e+00,0.0000000000000000e+00,0.0000000000000000e+00,0.0000000000000000e+00,0.0000000000000000e+00,
0.0000000000000000e+00,-1.5791752425229516e+13,9.6765457579579151e+08,-5.2282634496421466e+04,0.0000000000000000e+00,0.0000000000000000e+00,0.0000000000000000e+00,0.0000000000000000e+00,0.0000000000000000e+00,0.0000000000000000e+00,
0.0000000000000000e+00,-1.3934918703827270e+13,3.6631195337025851e+08,-4.3298237678472142e+04,0.0000000000000000e+00,0.0000000000000000e+00,0.0000000000000000e+00,-2.8094011536404012e+13,-1.1212347997497477e+13,-1.7176443029766926e+05,
0.0000000000000000e+00,-7.1763850032155137e+12,4.4837065124638028e+07,-2.7817460549570453e+04,0.0000000000000000e+00,0.0000000000000000e+00,0.0000000000000000e+00,-1.7340615279738191e+13,-7.1110190592844590e+12,-8.4627300757433302e+04,
0.0000000000000000e+00,-3.1327499119020234e+12,8.6117077908736914e+06,-8.9050593671923380e+03,0.0000000000000000e+00,0.0000000000000000e+00,0.0000000000000000e+00,-6.2198117392333564e+12,-6.0475972744038599e+11,-3.8674896261965318e+04,
0.0000000000000000e+00,-6.6602667383300708e+11,-5.6483117847661558e+05,-1.6139381172347810e+03,0.0000000000000000e+00,0.0000000000000000e+00,0.0000000000000000e+00,-2.4664539070252520e+12,-1.7303714592358533e+11,-3.3095626710038385e+04,
0.0000000000000000e+00,-9.7049687993942178e-84,0.0000000000000000e+00,-1.2413975773524399e-85,0.0000000000000000e+00,0.0000000000000000e+00,0.0000000000000000e+00,-1.0881645514944849e-73,0.0000000000000000e+00,-3.2043532680000688e+04,

32,10
0.0000000000000000e+00,0.0000000000000000e+00,0.0000000000000000e+00,0.0000000000000000e+00,0.0000000000000000e+00,0.0000000000000000e+00,0.0000000000000000e+00,0.0000000000000000e+00,0.0000000000000000e+00,0.0000000000000000e+00,
0.0000000000000000e+00,0.0000000000000000e+00,0.0000000000000000e+00,0.0000000000000000e+00,0.0000000000000000e+00,0.0000000000000000e+00,0.0000000000000000e+00,0.0000000000000000e+00,0.0000000000000000e+00,0.0000000000000000e+00,
0.0000000000000000e+00,0.0000000000000000e+00,0.0000000000000000e+00,0.0000000000000000e+00,0.0000000000000000e+00,0.0000000000000000e+00,0.0000000000000000e+00,0.0000000000000000e+00,0.0000000000000000e+00,0.0000000000000000e+00,
0.0000000000000000e+00,0.0000000000000000e+00,0.0000000000000000e+00,0.0000000000000000e+00,0.0000000000000000e+00,0.0000000000000000e+00,0.0000000000000000e+00,0.0000000000000000e+00,0.0000000000000000e+00,0.0000000000000000e+00,
0.0000000000000000e+00,0.0000000000000000e+00,0.0000000000000000e+00,0.0000000000000000e+00,0.0000000000000000e+00,0.0000000000000000e+00,0.0000000000000000e+00,0.0000000000000000e+00,0.0000000000000000e+00,0.0000000000000000e+00,
0.0000000000000000e+00,0.0000000000000000e+00,0.0000000000000000e+00,0.0000000000000000e+00,0.0000000000000000e+00,0.0000000000000000e+00,0.0000000000000000e+00,0.0000000000000000e+00,0.0000000000000000e+00,0.0000000000000000e+00,
0.0000000000000000e+00,0.0000000000000000e+00,0.0000000000000000e+00,0.0000000000000000e+00,0.0000000000000000e+00,0.0000000000000000e+00,0.0000000000000000e+00,0.0000000000000000e+00,0.0000000000000000e+00,0.0000000000000000e+00,
0.0000000000000000e+00,0.0000000000000000e+00,0.0000000000000000e+00,0.0000000000000000e+00,0.0000000000000000e+00,0.0000000000000000e+00,0.0000000000000000e+00,0.0000000000000000e+00,0.0000000000000000e+00,0.0000000000000000e+00,
0.0000000000000000e+00,0.0000000000000000e+00,0.0000000000000000e+00,0.0000000000000000e+00,0.0000000000000000e+00,0.0000000000000000e+00,0.0000000000000000e+00,0.0000000000000000e+00,0.0000000000000000e+00,0.0000000000000000e+00,
0.0000000000000000e+00,0.0000000000000000e+00,0.0000000000000000e+00,0.0000000000000000e+00,0.0000000000000000e+00,0.0000000000000000e+00,0.0000000000000000e+00,0.0000000000000000e+00,0.0000000000000000e+00,0.0000000000000000e+00,
0.0000000000000000e+00,0.0000000000000000e+00,0.0000000000000000e+00,0.0000000000000000e+00,0.0000000000000000e+00,0.0000000000000000e+00,0.0000000000000000e+00,0.0000000000000000e+00,0.0000000000000000e+00,0.0000000000000000e+00,
0.0000000000000000e+00,0.0000000000000000e+00,0.0000000000000000e+00,0.0000000000000000e+00,0.0000000000000000e+00,0.0000000000000000e+00,0.0000000000000000e+00,0.0000000000000000e+00,0.0000000000000000e+00,0.0000000000000000e+00,
0.0000000000000000e+00,0.0000000000000000e+00,0.0000000000000000e+00,0.0000000000000000e+00,0.0000000000000000e+00,0.0000000000000000e+00,0.0000000000000000e+00,0.0000000000000000e+00,0.0000000000000000e+00,0.0000000000000000e+00,
0.0000000000000000e+00,0.0000000000000000e+00,0.0000000000000000e+00,0.0000000000000000e+00,0.0000000000000000e+00,0.0000000000000000e+00,0.0000000000000000e+00,0.0000000000000000e+00,0.0000000000000000e+00,0.0000000000000000e+00,
0.0000000000000000e+00,0.0000000000000000e+00,0.0000000000000000e+00,0.0000000000000000e+00,0.0000000000000000e+00,0.0000000000000000e+00,0.0000000000000000e+00,0.0000000000000000e+00,0.0000000000000000e+00,0.0000000000000000e+00,
0.0000000000000000e+00,0.0000000000000000e+00,0.0000000000000000e+00,0.0000000000000000e+00,0.0000000000000000e+00,0.0000000000000000e+00,0.0000000000000000e+00,0.0000000000000000e+00,0.0000000000000000e+00,0.0000000000000000e+00,
0.0000000000000000e+00,0.0000000000000000e+00,0.0000000000000000e+00,0.0000000000000000e+00,0.0000000000000000e+00,0.0000000000000000e+00,0.0000000000000000e+00,0.0000000000000000e+00,0.0000000000000000e+00,0.0000000000000000e+00,
0.0000000000000000e+00,0.0000000000000000e+00,0.0000000000000000e+00,0.0000000000000000e+00,0.0000000000000000e+00,0.0000000000000000e+00,0.0000000000000000e+00,0.0000000000000000e+00,0.0000000000000000e+00,0.0000000000000000e+00,
0.0000000000000000e+00,9.1336474780061365e+11,0.0000000000000000e+00,3.0466568568600005e+03,0.0000000000000000e+00,0.0000000000000000e+00,0.0000000000000000e+00,0.0000000000000000e+00,0.0000000000000000e+00,0.0000000000000000e+00,
0.0000000000000000e+00,4.1595149892037480e+12,0.0000000000000000e+00,1.3874648538368994e+04,0.0000000000000000e+00,0.0000000000000000e+00,0.0000000000000000e+00,0.0000000000000000e+00,0.0000000000000000e+00,0.0000000000000000e+00,
0.0000000000000000e+00,8.8560098693590703e+12,0.0000000000000000e+00,2.9540469191386641e+04,0.0000000000000000e+00,0.0000000000000000e+00,0.0000000000000000e+00,0.0000000000000000e+00,0.0000000000000000e+00,0.0000000000000000e+00,
0.0000000000000000e+00,1.4639722042043291e+13,0.0000000000000000e+00,4.8832856369066147e+04,0.0000000000000000e+00,0.0000000000000000e+00,0.0000000000000000e+00,0.0000000000000000e+00,0.0000000000000000e+00,0.0000000000000000e+00,
0.0000000000000000e+00,1.5585399274670314e+13,0.0000000000000000e+00,5.1987296073573416e+04,0.0000000000000000e+00,0.0000000000000000e+00,0.0000000000000000e+00,0.0000000000000000e+00,0.0000000000000000e+00,0.0000000000000000e+00,
0.0000000000000000e+00,1.2933047581303242e+13,0.0000000000000000e+00,4.3140003146120696e+04,0.0000000000000000e+00,0.0000000000000000e+00,0.0000000000000000e+00,0.0000000000000000e+00,0.0000000000000000e+00,0.0000000000000000e+00,
0.0000000000000000e+00,8.3282207050560059e+12,2.5921700936757308e+08,3.1606679523473209e+04,0.0000000000000000e+00,0.0000000000000000e+00,0.0000000000000000e+00,0.0000000000000000e+00,0.0000000000000000e+00,0.0000000000000000e+00,
0.0000000000000000e+00,1.4686373405574430e+13,9.6573563768807614e+08,4.9863098062112331e+04,0.0000000000000000e+00,0.0000000000000000e+00,0.0000000000000000e+00,0.0000000000000000e+00,0.0000000000000000e+00,0.0000000000000000e+00,
0.0000000000000000e+00,1.5674517674881949e+13,1.3644759626805584e+09,5.2678301353421892e+04,0.0000000000000000e+00,0.0000000000000000e+00,0.0000000000000000e+00,0.0000000000000000e+00,0.0000000000000000e+00,0.0000000000000000e+00,
0.0000000000000000e+00,1.2981968096785732e+13,1.3847914038253801e+09,4.6482349108099508e+04,0.0000000000000000e+00,0.0000000000000000e+00,0.0000000000000000e+00,2.7566706467888461e+13,9.8349754413303906e+12,0.0000000000000000e+00,
0.0000000000000000e+00,8.3403298126487627e+12,3.9472714775927240e+08,2.3937893569097469e+04,0.0000000000000000e+00,0.0000000000000000e+00,0.0000000000000000e+00,1.5151624770758289e+13,3.7459857742769248e+12,-3.2551949265787134e+04,
0.0000000000000000e+00,2.6702291720148672e+12,7.0386496468561918e+07,1.0450609483474465e+04,0.0000000000000000e+00,0.0000000000000000e+00,0.0000000000000000e+00,6.2292555609033555e+12,4.0034040076601819e+11,-3.2072439120746232e+04,
0.0000000000000000e+00,4.8395603722161987e+11,6.6521634774215072e+06,2.2219527067014760e+03,0.0000000000000000e+00,0.0000000000000000e+00,0.0000000000000000e+00,6.5171699800261963e+11,1.7905170432322800e+10,-3.2043532679999560e+04,
0.0000000000000000e+00,3.7329581258827949e-77,0.0000000000000000e+00,3.2336951059683329e-92,0.0000000000000000e+00,0.0000000000000000e+00,0.0000000000000000e+00,4.4657751146383683e-68,0.0000000000000000e+00,-8.3446699687508262e+03,

