1
1
10
0
(16 0
((0) (63) (0))
((64) (127) (0))
((128) (191) (0))
((192) (255) (0))
((256) (319) (0))
((320) (383) (0))
((384) (447) (0))
((448) (511) (0))
((512) (575) (0))
((576) (639) (0))
((640) (703) (0))
((704) (767) (0))
((768) (831) (0))
((832) (895) (0))
((896) (959) (0))
((960) (1023) (0))
)
16
FabOnDisk: Cell_D_00000 0
FabOnDisk: Cell_D_00000 5196
FabOnDisk: Cell_D_00000 10394
FabOnDisk: Cell_D_00000 15593
FabOnDisk: Cell_D_00000 20792
FabOnDisk: Cell_D_00000 25991
FabOnDisk: Cell_D_00000 31190
FabOnDisk: Cell_D_00000 36389
FabOnDisk: Cell_D_00000 41588
FabOnDisk: Cell_D_00000 46787
FabOnDisk: Cell_D_00000 51986
FabOnDisk: Cell_D_00000 57185
FabOnDisk: Cell_D_00000 62384
FabOnDisk: Cell_D_00000 67583
FabOnDisk: Cell_D_00000 72782
FabOnDisk: Cell_D_00000 77981

16,10
0.0000000000000000e+00,0.0000000000000000e+00,0.0000000000000000e+00,0.0000000000000000e+00,0.0000000000000000e+00,0.0000000000000000e+00,0.0000000000000000e+00,0.0000000000000000e+00,0.0000000000000000e+00,0.0000000000000000e+00,
0.0000000000000000e+00,0.0000000000000000e+00,0.0000000000000000e+00,0.0000000000000000e+00,0.0000000000000000e+00,0.0000000000000000e+00,0.0000000000000000e+00,0.0000000000000000e+00,0.0000000000000000e+00,0.0000000000000000e+00,
0.0000000000000000e+00,0.0000000000000000e+00,0.0000000000000000e+00,0.0000000000000000e+00,0.0000000000000000e+00,0.0000000000000000e+00,0.0000000000000000e+00,0.0000000000000000e+00,0.0000000000000000e+00,0.0000000000000000e+00,
0.0000000000000000e+00,-9.9175026631386348e+12,0.0000000000000000e+00,-3.3081228024551019e+04,0.0000000000000000e+00,0.0000000000000000e+00,0.0000000000000000e+00,0.0000000000000000e+00,0.0000000000000000e+00,0.0000000000000000e+00,
0.0000000000000000e+00,-1.3261611345717238e+13,0.0000000000000000e+00,-4.4235973894037204e+04,0.0000000000000000e+00,0.0000000000000000e+00,0.0000000000000000e+00,0.0000000000000000e+00,0.0000000000000000e+00,0.0000000000000000e+00,
0.0000000000000000e+00,-2.7952513319195361e+12,0.0000000000000000e+00,-9.3239548138317150e+03,0.0000000000000000e+00,0.0000000000000000e+00,0.0000000000000000e+00,0.0000000000000000e+00,0.0000000000000000e+00,0.0000000000000000e+00,
0.0000000000000000e+00,-2.7014067955380859e+09,0.0000000000000000e+00,-9.0109231351780181e+00,0.0000000000000000e+00,0.0000000000000000e+00,0.0000000000000000e+00,0.0000000000000000e+00,0.0000000000000000e+00,0.0000000000000000e+00,
0.0000000000000000e+00,-2.4131403834277344e+08,-4.5681282724813175e+08,-8.0493698865029728e-01,0.0000000000000000e+00,0.0000000000000000e+00,0.0000000000000000e+00,-2.3001826816954531e+12,-3.8653442455738862e+12,-2.3304307766223501e+04,
0.0000000000000000e+00,4.3911364495097656e+09,-7.2777225531635618e+08,1.3813614757349569e+01,0.0000000000000000e+00,0.0000000000000000e+00,0.0000000000000000e+00,-2.7332852188911914e+11,-5.2983341330567744e+12,-2.9408902092562152e+04,
0.0000000000000000e+00,6.6645856736748047e+09,-1.3456754081205096e+09,1.8571784256066167e+01,0.0000000000000000e+00,0.0000000000000000e+00,0.0000000000000000e+00,-6.5124063371646465e+12,-4.6395503320645420e+12,-5.0737739006563541e+04,
0.0000000000000000e+00,8.5617863508652344e+09,-1.4475588589962724e+08,8.8374224832477921e+00,0.0000000000000000e+00,0.0000000000000000e+00,0.0000000000000000e+00,-5.9506707535028916e+12,-3.9438096675389351e+12,-5.4507278560334162e+04,
0.0000000000000000e+00,1.0536252999635742e+10,1.1813235636169407e+09,-6.9443261590931797e+00,0.0000000000000000e+00,0.0000000000000000e+00,0.0000000000000000e+00,-9.1425623897093984e+12,-4.4667889992708330e+12,-5.3047047537734732e+04,
0.0000000000000000e+00,9.8716092564775391e+09,1.5318084856756759e+09,-8.7483858837505977e+01,0.0000000000000000e+00,0.0000000000000000e+00,0.0000000000000000e+00,-1.4263105230939805e+13,-5.7748427064337666e+12,-7.6944418671546635e+04,
0.0000000000000000e+00,-6.1904884075251309e+12,-1.6829321704880667e+08,-1.6894672876430493e+04,0.0000000000000000e+00,0.0000000000000000e+00,0.0000000000000000e+00,-2.6147658591963156e+13,-2.5358928013734941e+13,-1.5976325633211367e+05,
0.0000000000000000e+00,-1.3744315824362566e+13,-2.3390614719918567e+08,-4.4049066069948210e+04,0.0000000000000000e+00,0.0000000000000000e+00,0.0000000000000000e+00,-1.6971014887958719e+13,-1.0541972234124148e+13,-8.0699231081092294e+04,
0.0000000000000000e+00,-4.0253809795780547e+12,-2.5043588840241477e+07,-1.7030399956013589e+04,0.0000000000000000e+00,0.0000000000000000e+00,0.0000000000000000e+00,-7.0878144940538281e+12,-3.6531888687953228e+12,-4.5499105282992561e+04,

16,10
0.0000000000000000e+00,0.0000000000000000e+00,0.0000000000000000e+00,0.0000000000000000e+00,0.0000000000000000e+00,0.0000000000000000e+00,0.0000000000000000e+00,0.0000000000000000e+00,0.0000000000000000e+00,0.0000000000000000e+00,
0.0000000000000000e+00,0.0000000000000000e+00,0.0000000000000000e+00,0.0000000000000000e+00,0.0000000000000000e+00,0.0000000000000000e+00,0.0000000000000000e+00,0.0000000000000000e+00,0.0000000000000000e+00,0.0000000000000000e+00,
0.0000000000000000e+00,0.0000000000000000e+00,0.0000000000000000e+00,0.0000000000000000e+00,0.0000000000000000e+00,0.0000000000000000e+00,0.0000000000000000e+00,0.0000000000000000e+00,0.0000000000000000e+00,0.0000000000000000e+00,
0.0000000000000000e+00,8.6721952617163027e+12,0.0000000000000000e+00,2.8927329658561001e+04,0.0000000000000000e+00,0.0000000000000000e+00,0.0000000000000000e+00,0.0000000000000000e+00,0.0000000000000000e+00,0.0000000000000000e+00,
0.0000000000000000e+00,1.3398797947800766e+13,0.0000000000000000e+00,4.4693579142010174e+04,0.0000000000000000e+00,0.0000000000000000e+00,0.0000000000000000e+00,0.0000000000000000e+00,0.0000000000000000e+00,0.0000000000000000e+00,
0.0000000000000000e+00,2.3205687173633857e+12,0.0000000000000000e+00,7.7405840455245198e+03,0.0000000000000000e+00,0.0000000000000000e+00,0.0000000000000000e+00,0.0000000000000000e+00,0.0000000000000000e+00,0.0000000000000000e+00,
0.0000000000000000e+00,1.3885442116494141e+09,0.0000000000000000e+00,4.6316849360009655e+00,0.0000000000000000e+00,0.0000000000000000e+00,0.0000000000000000e+00,0.0000000000000000e+00,0.0000000000000000e+00,0.0000000000000000e+00,
0.0000000000000000e+00,5.7827696238398438e+09,0.0000000000000000e+00,1.8534648484164791e+01,0.0000000000000000e+00,0.0000000000000000e+00,0.0000000000000000e+00,2.0060898153847847e+12,4.2587152263688223e+12,0.0000000000000000e+00,
0.0000000000000000e+00,9.0985958594833984e+09,5.0472947737051979e+07,2.9940713296313334e+01,0.0000000000000000e+00,0.0000000000000000e+00,0.0000000000000000e+00,2.6037251400207603e+12,4.5822318987347480e+12,0.0000000000000000e+00,
0.0000000000000000e+00,1.0680441422799805e+10,4.6213094262187922e+08,3.5667785782698047e+01,0.0000000000000000e+00,0.0000000000000000e+00,0.0000000000000000e+00,2.0928842239352231e+12,5.5047854309064600e+12,0.0000000000000000e+00,
0.0000000000000000e+00,1.1576959471038086e+10,1.8362248653462298e+09,2.3210409942967090e+01,0.0000000000000000e+00,0.0000000000000000e+00,0.0000000000000000e+00,9.3384809824312085e+11,3.6037160754787998e+12,0.0000000000000000e+00,
0.0000000000000000e+00,1.5060886633022461e+10,2.8814332429147363e+09,1.6146954269162961e+01,0.0000000000000000e+00,0.0000000000000000e+00,0.0000000000000000e+00,1.7933083973574829e+12,4.8968609838341846e+12,0.0000000000000000e+00,
0.0000000000000000e+00,3.8914592284695312e+10,3.3428102572972808e+09,3.1280029248628125e+00,0.0000000000000000e+00,0.0000000000000000e+00,0.0000000000000000e+00,4.9282849382846808e+11,6.7462570766123682e+12,0.0000000000000000e+00,
0.0000000000000000e+00,5.0633987954918555e+12,3.0199020958329425e+09,2.0639662164652545e+04,0.0000000000000000e+00,0.0000000000000000e+00,0.0000000000000000e+00,-9.9714716643209412e+10,1.9841926139093566e+13,-1.8395742793350637e+04,
0.0000000000000000e+00,1.3205128634947217e+13,1.2850683843324049e+09,4.5841642152856999e+04,0.0000000000000000e+00,0.0000000000000000e+00,0.0000000000000000e+00,1.7555186745750801e+13,9.5197224739208066e+12,-4.3744950420608948e+03,
0.0000000000000000e+00,5.1062289241397910e+12,1.3561139288418701e+08,1.3427691202770773e+04,0.0000000000000000e+00,0.0000000000000000e+00,0.0000000000000000e+00,6.5452002841502109e+12,1.8984017499946360e+12,-8.3446699687523906e+03,

