HyperCLaw-V1.1
10
Ex
Ey
Ez
Bx
By
Bz
jx
jy
jz
rho
1
8.8602962787008564e-14
0
-2.9503906250000538e-05 
3.849609374999955e-05 

((0) (1023) (0)) 
400 
6.6406250000000079e-08 
0
0
0 16 8.8602962787008564e-14
400
-2.9503906250000538e-05 -2.5253906250000533e-05
-2.5253906250000533e-05 -2.1003906250000528e-05
-2.1003906250000528e-05 -1.6753906250000523e-05
-1.6753906250000523e-05 -1.2503906250000518e-05
-1.2503906250000518e-05 -8.2539062500005128e-06
-8.2539062500005128e-06 -4.0039062500005077e-06
-4.0039062500005077e-06 2.4609374999949734e-07
2.4609374999949734e-07 4.4960937499995024e-06
4.4960937499995024e-06 8.7460937499995108e-06
8.7460937499995108e-06 1.2996093749999512e-05
1.2996093749999512e-05 1.7246093749999514e-05
1.7246093749999514e-05 2.1496093749999523e-05
2.1496093749999523e-05 2.5746093749999531e-05
2.5746093749999531e-05 2.9996093749999533e-05
2.9996093749999533e-05 3.4246093749999534e-05
3.4246093749999534e-05 3.8496093749999543e-05
Level_0/Cell
