1
1
10
0
(8 0
((0) (63) (0))
((64) (127) (0))
((128) (191) (0))
((192) (255) (0))
((256) (319) (0))
((320) (383) (0))
((384) (447) (0))
((448) (511) (0))
)
8
FabOnDisk: Cell_D_00000 0
FabOnDisk: Cell_D_00000 5196
FabOnDisk: Cell_D_00000 10394
FabOnDisk: Cell_D_00000 15593
FabOnDisk: Cell_D_00000 20792
FabOnDisk: Cell_D_00000 25991
FabOnDisk: Cell_D_00000 31190
FabOnDisk: Cell_D_00000 36389

8,10
0.0000000000000000e+00,-3.4970561670738978e+09,-1.7572167756251028e+09,-1.3421625569977024e+01,0.0000000000000000e+00,0.0000000000000000e+00,0.0000000000000000e+00,-5.1698336790183271e+12,-3.8537437098387109e+12,-4.1265531323877614e+04,
0.0000000000000000e+00,-5.0346017286762352e+09,1.1913522349451941e+07,-1.2401125701043400e+01,0.0000000000000000e+00,0.0000000000000000e+00,0.0000000000000000e+00,-3.2613009837984453e+12,-7.0349458053970459e+12,-5.6564344532085976e+04,
0.0000000000000000e+00,-6.5989303605491648e+09,9.8821749780119920e+08,-1.7635735812816364e+01,0.0000000000000000e+00,0.0000000000000000e+00,0.0000000000000000e+00,-8.2756775817840215e+12,-6.2877831247819434e+12,-6.7784065045081690e+04,
0.0000000000000000e+00,-5.1395637240838438e+12,9.4799859663498092e+08,-1.4459925170540555e+04,0.0000000000000000e+00,0.0000000000000000e+00,0.0000000000000000e+00,-5.9432301962591533e+12,-6.2858098731791973e+12,-7.6070462156390640e+04,
0.0000000000000000e+00,-1.3518741298075246e+13,-6.9268533484276736e+08,-4.4287240839299229e+04,0.0000000000000000e+00,0.0000000000000000e+00,0.0000000000000000e+00,-1.8920431120425824e+13,-1.6490944050376279e+13,-9.8803852634499824e+04,
0.0000000000000000e+00,-1.2937937635255352e+13,-4.5601210388594574e+08,-4.2732815500230579e+04,0.0000000000000000e+00,0.0000000000000000e+00,0.0000000000000000e+00,-1.7427552849085688e+13,-1.8771725271792418e+13,-1.3629268158341938e+05,
0.0000000000000000e+00,-9.2073290174259219e+12,-1.1157483589579286e+08,-2.8156426847384340e+04,0.0000000000000000e+00,0.0000000000000000e+00,0.0000000000000000e+00,-9.9884879891973867e+12,-7.2186654060728574e+12,-6.5956276460113542e+04,
0.0000000000000000e+00,-6.8242101367681882e-13,0.0000000000000000e+00,-2.8265758604387472e-24,0.0000000000000000e+00,0.0000000000000000e+00,0.0000000000000000e+00,-1.6271341864653981e-14,0.0000000000000000e+00,-3.2043532680000470e+04,

8,10
0.0000000000000000e+00,2.6280346448819003e+09,3.0092470832838144e+09,1.6230535719167584e+01,0.0000000000000000e+00,0.0000000000000000e+00,0.0000000000000000e+00,3.0473295995187261e+12,5.1469945698510010e+12,0.0000000000000000e+00,
0.0000000000000000e+00,2.2869861698898540e+09,3.2519609428034472e+09,9.7589304530017849e+00,0.0000000000000000e+00,0.0000000000000000e+00,0.0000000000000000e+00,7.8980645615260176e+12,4.9959507737423926e+12,0.0000000000000000e+00,
0.0000000000000000e+00,1.1817473881222975e+09,9.6093642431354752e+09,1.9641735649527174e+01,0.0000000000000000e+00,0.0000000000000000e+00,0.0000000000000000e+00,7.6363828817262246e+12,4.6701551226036660e+12,0.0000000000000000e+00,
0.0000000000000000e+00,4.3294796441905703e+12,1.6152434853611620e+10,1.7128552435120524e+04,0.0000000000000000e+00,0.0000000000000000e+00,0.0000000000000000e+00,1.3688518470381305e+13,8.2867849860633418e+12,0.0000000000000000e+00,
0.0000000000000000e+00,1.3279707016469248e+13,2.0452117321815247e+10,4.5096853506861480e+04,0.0000000000000000e+00,0.0000000000000000e+00,0.0000000000000000e+00,2.1670970074962227e+13,1.2800071448621977e+13,-9.7616760209392341e+03,
0.0000000000000000e+00,1.2811389011302453e+13,1.3826332747303431e+10,4.3157465519185069e+04,0.0000000000000000e+00,0.0000000000000000e+00,0.0000000000000000e+00,2.6117462439559070e+13,1.5756074410784730e+13,-5.6156787301611303e+02,
0.0000000000000000e+00,8.4416963178480371e+12,3.0518457508359275e+09,3.0712417689815877e+04,0.0000000000000000e+00,0.0000000000000000e+00,0.0000000000000000e+00,1.0766903357568848e+13,6.1985162972804297e+12,-3.2043532679999957e+04,
0.0000000000000000e+00,8.4744908106372072e-16,0.0000000000000000e+00,2.2763164610639272e-21,0.0000000000000000e+00,0.0000000000000000e+00,0.0000000000000000e+00,1.3906135835282940e-10,0.0000000000000000e+00,-2.3698862711249334e+04,

