HyperCLaw-V1.1
10
Ex
Ey
Ez
Bx
By
Bz
jx
jy
jz
rho
1
1.3290444418051266e-13
0
-1.6222656250000808e-05 
5.1777343749999279e-05 

((0) (1023) (0)) 
600 
6.6406250000000079e-08 
0
0
0 16 1.3290444418051266e-13
600
-1.6222656250000808e-05 -1.1972656250000803e-05
-1.1972656250000803e-05 -7.722656250000798e-06
-7.722656250000798e-06 -3.472656250000793e-06
-3.472656250000793e-06 7.773437499992121e-07
7.773437499992121e-07 5.0273437499992171e-06
5.0273437499992171e-06 9.2773437499992222e-06
9.2773437499992222e-06 1.3527343749999227e-05
1.3527343749999227e-05 1.7777343749999232e-05
1.7777343749999232e-05 2.2027343749999241e-05
2.2027343749999241e-05 2.6277343749999242e-05
2.6277343749999242e-05 3.0527343749999244e-05
3.0527343749999244e-05 3.4777343749999252e-05
3.4777343749999252e-05 3.9027343749999261e-05
3.9027343749999261e-05 4.3277343749999263e-05
4.3277343749999263e-05 4.7527343749999264e-05
4.7527343749999264e-05 5.1777343749999273e-05
Level_0/Cell
