HyperCLaw-V1.1
10
Ex
Ey
Ez
Bx
By
Bz
jx
jy
jz
rho
1
8.8602962787008375e-14
0
-2.9470703125000539e-05 
3.8529296874999461e-05 

((0) (2047) (0)) 
800 
3.3203125e-08 
0
0
0 32 8.8602962787008375e-14
800
-2.9470703125000539e-05 -2.7345703125000538e-05
-2.7345703125000538e-05 -2.5220703125000537e-05
-2.5220703125000537e-05 -2.309570312500054e-05
-2.309570312500054e-05 -2.0970703125000539e-05
-2.0970703125000539e-05 -1.8845703125000538e-05
-1.8845703125000538e-05 -1.672070312500054e-05
-1.672070312500054e-05 -1.459570312500054e-05
-1.459570312500054e-05 -1.2470703125000539e-05
-1.2470703125000539e-05 -1.0345703125000538e-05
-1.0345703125000538e-05 -8.2207031250005372e-06
-8.2207031250005372e-06 -6.0957031250005397e-06
-6.0957031250005397e-06 -3.9707031250005389e-06
-3.9707031250005389e-06 -1.845703125000538e-06
-1.845703125000538e-06 2.7929687499945939e-07
2.7929687499945939e-07 2.4042968749994636e-06
2.4042968749994636e-06 4.5292968749994611e-06
4.5292968749994611e-06 6.6542968749994585e-06
6.6542968749994585e-06 8.7792968749994627e-06
8.7792968749994627e-06 1.090429687499946e-05
1.090429687499946e-05 1.3029296874999464e-05
1.3029296874999464e-05 1.5154296874999462e-05
1.5154296874999462e-05 1.7279296874999459e-05
1.7279296874999459e-05 1.9404296874999463e-05
1.9404296874999463e-05 2.1529296874999461e-05
2.1529296874999461e-05 2.3654296874999458e-05
2.3654296874999458e-05 2.5779296874999463e-05
2.5779296874999463e-05 2.790429687499946e-05
2.790429687499946e-05 3.0029296874999457e-05
3.0029296874999457e-05 3.2154296874999455e-05
3.2154296874999455e-05 3.4279296874999466e-05
3.4279296874999466e-05 3.6404296874999463e-05
3.6404296874999463e-05 3.8529296874999461e-05
Level_0/Cell
