Checkpoint version: 1
1
800 
1 
8.8602962787008375e-14 
-1.7976931348623157e+308 
1.1075370348376143e-16 
-2.9437500000000539e-05
0
-2.9470703125000539e-05 
3.8529296874999461e-05 
(32 0
((0) (63) (0))
((64) (127) (0))
((128) (191) (0))
((192) (255) (0))
((256) (319) (0))
((320) (383) (0))
((384) (447) (0))
((448) (511) (0))
((512) (575) (0))
((576) (639) (0))
((640) (703) (0))
((704) (767) (0))
((768) (831) (0))
((832) (895) (0))
((896) (959) (0))
((960) (1023) (0))
((1024) (1087) (0))
((1088) (1151) (0))
((1152) (1215) (0))
((1216) (1279) (0))
((1280) (1343) (0))
((1344) (1407) (0))
((1408) (1471) (0))
((1472) (1535) (0))
((1536) (1599) (0))
((1600) (1663) (0))
((1664) (1727) (0))
((1728) (1791) (0))
((1792) (1855) (0))
((1856) (1919) (0))
((1920) (1983) (0))
((1984) (2047) (0))
)
-1.6021766339999999e-19 9.1093837015000008e-31
3.8496093749999461e-05
1
8.8492209083524615e-14
