HyperCLaw-V1.1
10
Ex
Ey
Ez
Bx
By
Bz
jx
jy
jz
rho
1
7.8179084812066645e-14
0
1.0000000000000001e-05 
6.9999999999999994e-05 

((0) (511) (0)) 
200 
1.1718749999999999e-07 
0
0
0 8 7.8179084812066645e-14
200
1.0000000000000001e-05 1.7499999999999998e-05
1.7499999999999998e-05 2.4999999999999998e-05
2.4999999999999998e-05 3.2499999999999997e-05
3.2499999999999997e-05 3.9999999999999996e-05
3.9999999999999996e-05 4.7499999999999996e-05
4.7499999999999996e-05 5.4999999999999995e-05
5.4999999999999995e-05 6.2500000000000001e-05
6.2500000000000001e-05 6.9999999999999994e-05
Level_0/Cell
