HyperCLaw-V1.1
10
Ex
Ey
Ez
Bx
By
Bz
jx
jy
jz
rho
1
4.4301481393504169e-13
0
7.6679687499999464e-05 
0.00014467968749999933 

((0) (511) (0)) 
1000 
1.3281249999999973e-07 
0
0
0 8 4.4301481393504169e-13
1000
7.6679687499999464e-05 8.5179687499999454e-05
8.5179687499999454e-05 9.367968749999943e-05
9.367968749999943e-05 0.00010217968749999941
0.00010217968749999941 0.0001106796874999994
0.0001106796874999994 0.00011917968749999939
0.00011917968749999939 0.00012767968749999938
0.00012767968749999938 0.00013617968749999934
0.00013617968749999934 0.00014467968749999933
Level_0/Cell
