HyperCLaw-V1.1
10
Ex
Ey
Ez
Bx
By
Bz
jx
jy
jz
rho
1
1.7720592557401675e-13
0
-2.8750000000008174e-06 
6.5124999999999008e-05 

((0) (1023) (0)) 
800 
6.6406249999999827e-08 
0
0
0 16 1.7720592557401675e-13
800
-2.8750000000008174e-06 1.3749999999991716e-06
1.3749999999991716e-06 5.6249999999991609e-06
5.6249999999991609e-06 9.8749999999991507e-06
9.8749999999991507e-06 1.4124999999999139e-05
1.4124999999999139e-05 1.8374999999999125e-05
1.8374999999999125e-05 2.2624999999999117e-05
2.2624999999999117e-05 2.6874999999999105e-05
2.6874999999999105e-05 3.1124999999999096e-05
3.1124999999999096e-05 3.5374999999999084e-05
3.5374999999999084e-05 3.9624999999999073e-05
3.9624999999999073e-05 4.3874999999999061e-05
4.3874999999999061e-05 4.8124999999999056e-05
4.8124999999999056e-05 5.2374999999999044e-05
5.2374999999999044e-05 5.6624999999999032e-05
5.6624999999999032e-05 6.0874999999999013e-05
6.0874999999999013e-05 6.5124999999999008e-05
Level_0/Cell
