Checkpoint version: 1
1
800 
1 
1.7720592557401675e-13 
-1.7976931348623157e+308 
2.2150740696752286e-16 
-2.8750000000007691e-06
0
-2.8750000000008174e-06 
6.5124999999999008e-05 
(16 0
((0) (63) (0))
((64) (127) (0))
((128) (191) (0))
((192) (255) (0))
((256) (319) (0))
((320) (383) (0))
((384) (447) (0))
((448) (511) (0))
((512) (575) (0))
((576) (639) (0))
((640) (703) (0))
((704) (767) (0))
((768) (831) (0))
((832) (895) (0))
((896) (959) (0))
((960) (1023) (0))
)
-1.6021766339999999e-19 9.1093837015000008e-31
6.5058593749999009e-05
1
1.7698441816704923e-13
