HyperCLaw-V1.1
10
Ex
Ey
Ez
Bx
By
Bz
jx
jy
jz
rho
1
2.6580888836102531e-13
0
2.3554687500000358e-05 
9.1554687500000409e-05 

((0) (511) (0)) 
600 
1.328125000000001e-07 
0
0
0 8 2.6580888836102531e-13
600
2.3554687500000358e-05 3.2054687500000365e-05
3.2054687500000365e-05 4.0554687500000375e-05
4.0554687500000375e-05 4.9054687500000378e-05
4.9054687500000378e-05 5.7554687500000382e-05
5.7554687500000382e-05 6.6054687500000385e-05
6.6054687500000385e-05 7.4554687500000402e-05
7.4554687500000402e-05 8.3054687500000405e-05
8.3054687500000405e-05 9.1554687500000409e-05
Level_0/Cell
